10000
1 0
2 0
5 1
8 0
11 1
14 0
17 1
20 0
23 1
26 0
29 1
32 0
35 1
38 0
41 1
44 0
47 1
50 0
53 1
56 0
59 1
62 0
65 1
68 0
71 1
74 0
77 1
80 0
83 1
86 0
89 1
92 0
95 1
98 0
101 1
104 0
107 1
110 0
113 1
116 0
119 1
122 0
125 1
128 0
131 1
134 0
137 1
140 0
143 1
146 0
149 1
152 0
155 1
158 0
161 1
164 0
167 1
170 0
173 1
176 0
179 1
182 0
185 1
188 0
191 1
194 0
197 1
200 0
203 1
206 0
209 1
212 0
215 1
218 0
221 1
224 0
227 1
230 0
233 1
236 0
239 1
242 0
245 1
248 0
251 1
254 0
257 1
260 0
263 1
266 0
269 1
272 0
275 1
278 0
281 1
284 0
287 1
290 0
293 1
296 0
299 1
302 0
305 1
308 0
311 1
314 0
317 1
320 0
323 1
326 0
329 1
332 0
335 1
338 0
341 1
344 0
347 1
350 0
353 1
356 0
359 1
362 0
365 1
368 0
371 1
374 0
377 1
380 0
383 1
386 0
389 1
392 0
395 1
398 0
401 1
404 0
407 1
410 0
413 1
416 0
419 1
422 0
425 1
428 0
431 1
434 0
437 1
440 0
443 1
446 0
449 1
452 0
455 1
458 0
461 1
464 0
467 1
470 0
473 1
476 0
479 1
482 0
485 1
488 0
491 1
494 0
497 1
500 0
503 1
506 0
509 1
512 0
515 1
518 0
521 1
524 0
527 1
530 0
533 1
536 0
539 1
542 0
545 1
548 0
551 1
554 0
557 1
560 0
563 1
566 0
569 1
572 0
575 1
578 0
581 1
584 0
587 1
590 0
593 1
596 0
599 1
602 0
605 1
608 0
611 1
614 0
617 1
620 0
623 1
626 0
629 1
632 0
635 1
638 0
641 1
644 0
647 1
650 0
653 1
656 0
659 1
662 0
665 1
668 0
671 1
674 0
677 1
680 0
683 1
686 0
689 1
692 0
695 1
698 0
701 1
704 0
707 1
710 0
713 1
716 0
719 1
722 0
725 1
728 0
731 1
734 0
737 1
740 0
743 1
746 0
749 1
752 0
755 1
758 0
761 1
764 0
767 1
770 0
773 1
776 0
779 1
782 0
785 1
788 0
791 1
794 0
797 1
800 0
803 1
806 0
809 1
812 0
815 1
818 0
821 1
824 0
827 1
830 0
833 1
836 0
839 1
842 0
845 1
848 0
851 1
854 0
857 1
860 0
863 1
866 0
869 1
872 0
875 1
878 0
881 1
884 0
887 1
890 0
893 1
896 0
899 1
902 0
905 1
908 0
911 1
914 0
917 1
920 0
923 1
926 0
929 1
932 0
935 1
938 0
941 1
944 0
947 1
950 0
953 1
956 0
959 1
962 0
965 1
968 0
971 1
974 0
977 1
980 0
983 1
986 0
989 1
992 0
995 1
998 0
1001 1
1004 0
1007 1
1010 0
1013 1
1016 0
1019 1
1022 0
1025 1
1028 0
1031 1
1034 0
1037 1
1040 0
1043 1
1046 0
1049 1
1052 0
1055 1
1058 0
1061 1
1064 0
1067 1
1070 0
1073 1
1076 0
1079 1
1082 0
1085 1
1088 0
1091 1
1094 0
1097 1
1100 0
1103 1
1106 0
1109 1
1112 0
1115 1
1118 0
1121 1
1124 0
1127 1
1130 0
1133 1
1136 0
1139 1
1142 0
1145 1
1148 0
1151 1
1154 0
1157 1
1160 0
1163 1
1166 0
1169 1
1172 0
1175 1
1178 0
1181 1
1184 0
1187 1
1190 0
1193 1
1196 0
1199 1
1202 0
1205 1
1208 0
1211 1
1214 0
1217 1
1220 0
1223 1
1226 0
1229 1
1232 0
1235 1
1238 0
1241 1
1244 0
1247 1
1250 0
1253 1
1256 0
1259 1
1262 0
1265 1
1268 0
1271 1
1274 0
1277 1
1280 0
1283 1
1286 0
1289 1
1292 0
1295 1
1298 0
1301 1
1304 0
1307 1
1310 0
1313 1
1316 0
1319 1
1322 0
1325 1
1328 0
1331 1
1334 0
1337 1
1340 0
1343 1
1346 0
1349 1
1352 0
1355 1
1358 0
1361 1
1364 0
1367 1
1370 0
1373 1
1376 0
1379 1
1382 0
1385 1
1388 0
1391 1
1394 0
1397 1
1400 0
1403 1
1406 0
1409 1
1412 0
1415 1
1418 0
1421 1
1424 0
1427 1
1430 0
1433 1
1436 0
1439 1
1442 0
1445 1
1448 0
1451 1
1454 0
1457 1
1460 0
1463 1
1466 0
1469 1
1472 0
1475 1
1478 0
1481 1
1484 0
1487 1
1490 0
1493 1
1496 0
1499 1
1502 0
1505 1
1508 0
1511 1
1514 0
1517 1
1520 0
1523 1
1526 0
1529 1
1532 0
1535 1
1538 0
1541 1
1544 0
1547 1
1550 0
1553 1
1556 0
1559 1
1562 0
1565 1
1568 0
1571 1
1574 0
1577 1
1580 0
1583 1
1586 0
1589 1
1592 0
1595 1
1598 0
1601 1
1604 0
1607 1
1610 0
1613 1
1616 0
1619 1
1622 0
1625 1
1628 0
1631 1
1634 0
1637 1
1640 0
1643 1
1646 0
1649 1
1652 0
1655 1
1658 0
1661 1
1664 0
1667 1
1670 0
1673 1
1676 0
1679 1
1682 0
1685 1
1688 0
1691 1
1694 0
1697 1
1700 0
1703 1
1706 0
1709 1
1712 0
1715 1
1718 0
1721 1
1724 0
1727 1
1730 0
1733 1
1736 0
1739 1
1742 0
1745 1
1748 0
1751 1
1754 0
1757 1
1760 0
1763 1
1766 0
1769 1
1772 0
1775 1
1778 0
1781 1
1784 0
1787 1
1790 0
1793 1
1796 0
1799 1
1802 0
1805 1
1808 0
1811 1
1814 0
1817 1
1820 0
1823 1
1826 0
1829 1
1832 0
1835 1
1838 0
1841 1
1844 0
1847 1
1850 0
1853 1
1856 0
1859 1
1862 0
1865 1
1868 0
1871 1
1874 0
1877 1
1880 0
1883 1
1886 0
1889 1
1892 0
1895 1
1898 0
1901 1
1904 0
1907 1
1910 0
1913 1
1916 0
1919 1
1922 0
1925 1
1928 0
1931 1
1934 0
1937 1
1940 0
1943 1
1946 0
1949 1
1952 0
1955 1
1958 0
1961 1
1964 0
1967 1
1970 0
1973 1
1976 0
1979 1
1982 0
1985 1
1988 0
1991 1
1994 0
1997 1
2000 0
2003 1
2006 0
2009 1
2012 0
2015 1
2018 0
2021 1
2024 0
2027 1
2030 0
2033 1
2036 0
2039 1
2042 0
2045 1
2048 0
2051 1
2054 0
2057 1
2060 0
2063 1
2066 0
2069 1
2072 0
2075 1
2078 0
2081 1
2084 0
2087 1
2090 0
2093 1
2096 0
2099 1
2102 0
2105 1
2108 0
2111 1
2114 0
2117 1
2120 0
2123 1
2126 0
2129 1
2132 0
2135 1
2138 0
2141 1
2144 0
2147 1
2150 0
2153 1
2156 0
2159 1
2162 0
2165 1
2168 0
2171 1
2174 0
2177 1
2180 0
2183 1
2186 0
2189 1
2192 0
2195 1
2198 0
2201 1
2204 0
2207 1
2210 0
2213 1
2216 0
2219 1
2222 0
2225 1
2228 0
2231 1
2234 0
2237 1
2240 0
2243 1
2246 0
2249 1
2252 0
2255 1
2258 0
2261 1
2264 0
2267 1
2270 0
2273 1
2276 0
2279 1
2282 0
2285 1
2288 0
2291 1
2294 0
2297 1
2300 0
2303 1
2306 0
2309 1
2312 0
2315 1
2318 0
2321 1
2324 0
2327 1
2330 0
2333 1
2336 0
2339 1
2342 0
2345 1
2348 0
2351 1
2354 0
2357 1
2360 0
2363 1
2366 0
2369 1
2372 0
2375 1
2378 0
2381 1
2384 0
2387 1
2390 0
2393 1
2396 0
2399 1
2402 0
2405 1
2408 0
2411 1
2414 0
2417 1
2420 0
2423 1
2426 0
2429 1
2432 0
2435 1
2438 0
2441 1
2444 0
2447 1
2450 0
2453 1
2456 0
2459 1
2462 0
2465 1
2468 0
2471 1
2474 0
2477 1
2480 0
2483 1
2486 0
2489 1
2492 0
2495 1
2498 0
2501 1
2504 0
2507 1
2510 0
2513 1
2516 0
2519 1
2522 0
2525 1
2528 0
2531 1
2534 0
2537 1
2540 0
2543 1
2546 0
2549 1
2552 0
2555 1
2558 0
2561 1
2564 0
2567 1
2570 0
2573 1
2576 0
2579 1
2582 0
2585 1
2588 0
2591 1
2594 0
2597 1
2600 0
2603 1
2606 0
2609 1
2612 0
2615 1
2618 0
2621 1
2624 0
2627 1
2630 0
2633 1
2636 0
2639 1
2642 0
2645 1
2648 0
2651 1
2654 0
2657 1
2660 0
2663 1
2666 0
2669 1
2672 0
2675 1
2678 0
2681 1
2684 0
2687 1
2690 0
2693 1
2696 0
2699 1
2702 0
2705 1
2708 0
2711 1
2714 0
2717 1
2720 0
2723 1
2726 0
2729 1
2732 0
2735 1
2738 0
2741 1
2744 0
2747 1
2750 0
2753 1
2756 0
2759 1
2762 0
2765 1
2768 0
2771 1
2774 0
2777 1
2780 0
2783 1
2786 0
2789 1
2792 0
2795 1
2798 0
2801 1
2804 0
2807 1
2810 0
2813 1
2816 0
2819 1
2822 0
2825 1
2828 0
2831 1
2834 0
2837 1
2840 0
2843 1
2846 0
2849 1
2852 0
2855 1
2858 0
2861 1
2864 0
2867 1
2870 0
2873 1
2876 0
2879 1
2882 0
2885 1
2888 0
2891 1
2894 0
2897 1
2900 0
2903 1
2906 0
2909 1
2912 0
2915 1
2918 0
2921 1
2924 0
2927 1
2930 0
2933 1
2936 0
2939 1
2942 0
2945 1
2948 0
2951 1
2954 0
2957 1
2960 0
2963 1
2966 0
2969 1
2972 0
2975 1
2978 0
2981 1
2984 0
2987 1
2990 0
2993 1
2996 0
2999 1
3002 0
3005 1
3008 0
3011 1
3014 0
3017 1
3020 0
3023 1
3026 0
3029 1
3032 0
3035 1
3038 0
3041 1
3044 0
3047 1
3050 0
3053 1
3056 0
3059 1
3062 0
3065 1
3068 0
3071 1
3074 0
3077 1
3080 0
3083 1
3086 0
3089 1
3092 0
3095 1
3098 0
3101 1
3104 0
3107 1
3110 0
3113 1
3116 0
3119 1
3122 0
3125 1
3128 0
3131 1
3134 0
3137 1
3140 0
3143 1
3146 0
3149 1
3152 0
3155 1
3158 0
3161 1
3164 0
3167 1
3170 0
3173 1
3176 0
3179 1
3182 0
3185 1
3188 0
3191 1
3194 0
3197 1
3200 0
3203 1
3206 0
3209 1
3212 0
3215 1
3218 0
3221 1
3224 0
3227 1
3230 0
3233 1
3236 0
3239 1
3242 0
3245 1
3248 0
3251 1
3254 0
3257 1
3260 0
3263 1
3266 0
3269 1
3272 0
3275 1
3278 0
3281 1
3284 0
3287 1
3290 0
3293 1
3296 0
3299 1
3302 0
3305 1
3308 0
3311 1
3314 0
3317 1
3320 0
3323 1
3326 0
3329 1
3332 0
3335 1
3338 0
3341 1
3344 0
3347 1
3350 0
3353 1
3356 0
3359 1
3362 0
3365 1
3368 0
3371 1
3374 0
3377 1
3380 0
3383 1
3386 0
3389 1
3392 0
3395 1
3398 0
3401 1
3404 0
3407 1
3410 0
3413 1
3416 0
3419 1
3422 0
3425 1
3428 0
3431 1
3434 0
3437 1
3440 0
3443 1
3446 0
3449 1
3452 0
3455 1
3458 0
3461 1
3464 0
3467 1
3470 0
3473 1
3476 0
3479 1
3482 0
3485 1
3488 0
3491 1
3494 0
3497 1
3500 0
3503 1
3506 0
3509 1
3512 0
3515 1
3518 0
3521 1
3524 0
3527 1
3530 0
3533 1
3536 0
3539 1
3542 0
3545 1
3548 0
3551 1
3554 0
3557 1
3560 0
3563 1
3566 0
3569 1
3572 0
3575 1
3578 0
3581 1
3584 0
3587 1
3590 0
3593 1
3596 0
3599 1
3602 0
3605 1
3608 0
3611 1
3614 0
3617 1
3620 0
3623 1
3626 0
3629 1
3632 0
3635 1
3638 0
3641 1
3644 0
3647 1
3650 0
3653 1
3656 0
3659 1
3662 0
3665 1
3668 0
3671 1
3674 0
3677 1
3680 0
3683 1
3686 0
3689 1
3692 0
3695 1
3698 0
3701 1
3704 0
3707 1
3710 0
3713 1
3716 0
3719 1
3722 0
3725 1
3728 0
3731 1
3734 0
3737 1
3740 0
3743 1
3746 0
3749 1
3752 0
3755 1
3758 0
3761 1
3764 0
3767 1
3770 0
3773 1
3776 0
3779 1
3782 0
3785 1
3788 0
3791 1
3794 0
3797 1
3800 0
3803 1
3806 0
3809 1
3812 0
3815 1
3818 0
3821 1
3824 0
3827 1
3830 0
3833 1
3836 0
3839 1
3842 0
3845 1
3848 0
3851 1
3854 0
3857 1
3860 0
3863 1
3866 0
3869 1
3872 0
3875 1
3878 0
3881 1
3884 0
3887 1
3890 0
3893 1
3896 0
3899 1
3902 0
3905 1
3908 0
3911 1
3914 0
3917 1
3920 0
3923 1
3926 0
3929 1
3932 0
3935 1
3938 0
3941 1
3944 0
3947 1
3950 0
3953 1
3956 0
3959 1
3962 0
3965 1
3968 0
3971 1
3974 0
3977 1
3980 0
3983 1
3986 0
3989 1
3992 0
3995 1
3998 0
4001 1
4004 0
4007 1
4010 0
4013 1
4016 0
4019 1
4022 0
4025 1
4028 0
4031 1
4034 0
4037 1
4040 0
4043 1
4046 0
4049 1
4052 0
4055 1
4058 0
4061 1
4064 0
4067 1
4070 0
4073 1
4076 0
4079 1
4082 0
4085 1
4088 0
4091 1
4094 0
4097 1
4100 0
4103 1
4106 0
4109 1
4112 0
4115 1
4118 0
4121 1
4124 0
4127 1
4130 0
4133 1
4136 0
4139 1
4142 0
4145 1
4148 0
4151 1
4154 0
4157 1
4160 0
4163 1
4166 0
4169 1
4172 0
4175 1
4178 0
4181 1
4184 0
4187 1
4190 0
4193 1
4196 0
4199 1
4202 0
4205 1
4208 0
4211 1
4214 0
4217 1
4220 0
4223 1
4226 0
4229 1
4232 0
4235 1
4238 0
4241 1
4244 0
4247 1
4250 0
4253 1
4256 0
4259 1
4262 0
4265 1
4268 0
4271 1
4274 0
4277 1
4280 0
4283 1
4286 0
4289 1
4292 0
4295 1
4298 0
4301 1
4304 0
4307 1
4310 0
4313 1
4316 0
4319 1
4322 0
4325 1
4328 0
4331 1
4334 0
4337 1
4340 0
4343 1
4346 0
4349 1
4352 0
4355 1
4358 0
4361 1
4364 0
4367 1
4370 0
4373 1
4376 0
4379 1
4382 0
4385 1
4388 0
4391 1
4394 0
4397 1
4400 0
4403 1
4406 0
4409 1
4412 0
4415 1
4418 0
4421 1
4424 0
4427 1
4430 0
4433 1
4436 0
4439 1
4442 0
4445 1
4448 0
4451 1
4454 0
4457 1
4460 0
4463 1
4466 0
4469 1
4472 0
4475 1
4478 0
4481 1
4484 0
4487 1
4490 0
4493 1
4496 0
4499 1
4502 0
4505 1
4508 0
4511 1
4514 0
4517 1
4520 0
4523 1
4526 0
4529 1
4532 0
4535 1
4538 0
4541 1
4544 0
4547 1
4550 0
4553 1
4556 0
4559 1
4562 0
4565 1
4568 0
4571 1
4574 0
4577 1
4580 0
4583 1
4586 0
4589 1
4592 0
4595 1
4598 0
4601 1
4604 0
4607 1
4610 0
4613 1
4616 0
4619 1
4622 0
4625 1
4628 0
4631 1
4634 0
4637 1
4640 0
4643 1
4646 0
4649 1
4652 0
4655 1
4658 0
4661 1
4664 0
4667 1
4670 0
4673 1
4676 0
4679 1
4682 0
4685 1
4688 0
4691 1
4694 0
4697 1
4700 0
4703 1
4706 0
4709 1
4712 0
4715 1
4718 0
4721 1
4724 0
4727 1
4730 0
4733 1
4736 0
4739 1
4742 0
4745 1
4748 0
4751 1
4754 0
4757 1
4760 0
4763 1
4766 0
4769 1
4772 0
4775 1
4778 0
4781 1
4784 0
4787 1
4790 0
4793 1
4796 0
4799 1
4802 0
4805 1
4808 0
4811 1
4814 0
4817 1
4820 0
4823 1
4826 0
4829 1
4832 0
4835 1
4838 0
4841 1
4844 0
4847 1
4850 0
4853 1
4856 0
4859 1
4862 0
4865 1
4868 0
4871 1
4874 0
4877 1
4880 0
4883 1
4886 0
4889 1
4892 0
4895 1
4898 0
4901 1
4904 0
4907 1
4910 0
4913 1
4916 0
4919 1
4922 0
4925 1
4928 0
4931 1
4934 0
4937 1
4940 0
4943 1
4946 0
4949 1
4952 0
4955 1
4958 0
4961 1
4964 0
4967 1
4970 0
4973 1
4976 0
4979 1
4982 0
4985 1
4988 0
4991 1
4994 0
4997 1
5000 0
5003 1
5006 0
5009 1
5012 0
5015 1
5018 0
5021 1
5024 0
5027 1
5030 0
5033 1
5036 0
5039 1
5042 0
5045 1
5048 0
5051 1
5054 0
5057 1
5060 0
5063 1
5066 0
5069 1
5072 0
5075 1
5078 0
5081 1
5084 0
5087 1
5090 0
5093 1
5096 0
5099 1
5102 0
5105 1
5108 0
5111 1
5114 0
5117 1
5120 0
5123 1
5126 0
5129 1
5132 0
5135 1
5138 0
5141 1
5144 0
5147 1
5150 0
5153 1
5156 0
5159 1
5162 0
5165 1
5168 0
5171 1
5174 0
5177 1
5180 0
5183 1
5186 0
5189 1
5192 0
5195 1
5198 0
5201 1
5204 0
5207 1
5210 0
5213 1
5216 0
5219 1
5222 0
5225 1
5228 0
5231 1
5234 0
5237 1
5240 0
5243 1
5246 0
5249 1
5252 0
5255 1
5258 0
5261 1
5264 0
5267 1
5270 0
5273 1
5276 0
5279 1
5282 0
5285 1
5288 0
5291 1
5294 0
5297 1
5300 0
5303 1
5306 0
5309 1
5312 0
5315 1
5318 0
5321 1
5324 0
5327 1
5330 0
5333 1
5336 0
5339 1
5342 0
5345 1
5348 0
5351 1
5354 0
5357 1
5360 0
5363 1
5366 0
5369 1
5372 0
5375 1
5378 0
5381 1
5384 0
5387 1
5390 0
5393 1
5396 0
5399 1
5402 0
5405 1
5408 0
5411 1
5414 0
5417 1
5420 0
5423 1
5426 0
5429 1
5432 0
5435 1
5438 0
5441 1
5444 0
5447 1
5450 0
5453 1
5456 0
5459 1
5462 0
5465 1
5468 0
5471 1
5474 0
5477 1
5480 0
5483 1
5486 0
5489 1
5492 0
5495 1
5498 0
5501 1
5504 0
5507 1
5510 0
5513 1
5516 0
5519 1
5522 0
5525 1
5528 0
5531 1
5534 0
5537 1
5540 0
5543 1
5546 0
5549 1
5552 0
5555 1
5558 0
5561 1
5564 0
5567 1
5570 0
5573 1
5576 0
5579 1
5582 0
5585 1
5588 0
5591 1
5594 0
5597 1
5600 0
5603 1
5606 0
5609 1
5612 0
5615 1
5618 0
5621 1
5624 0
5627 1
5630 0
5633 1
5636 0
5639 1
5642 0
5645 1
5648 0
5651 1
5654 0
5657 1
5660 0
5663 1
5666 0
5669 1
5672 0
5675 1
5678 0
5681 1
5684 0
5687 1
5690 0
5693 1
5696 0
5699 1
5702 0
5705 1
5708 0
5711 1
5714 0
5717 1
5720 0
5723 1
5726 0
5729 1
5732 0
5735 1
5738 0
5741 1
5744 0
5747 1
5750 0
5753 1
5756 0
5759 1
5762 0
5765 1
5768 0
5771 1
5774 0
5777 1
5780 0
5783 1
5786 0
5789 1
5792 0
5795 1
5798 0
5801 1
5804 0
5807 1
5810 0
5813 1
5816 0
5819 1
5822 0
5825 1
5828 0
5831 1
5834 0
5837 1
5840 0
5843 1
5846 0
5849 1
5852 0
5855 1
5858 0
5861 1
5864 0
5867 1
5870 0
5873 1
5876 0
5879 1
5882 0
5885 1
5888 0
5891 1
5894 0
5897 1
5900 0
5903 1
5906 0
5909 1
5912 0
5915 1
5918 0
5921 1
5924 0
5927 1
5930 0
5933 1
5936 0
5939 1
5942 0
5945 1
5948 0
5951 1
5954 0
5957 1
5960 0
5963 1
5966 0
5969 1
5972 0
5975 1
5978 0
5981 1
5984 0
5987 1
5990 0
5993 1
5996 0
5999 1
6002 0
6005 1
6008 0
6011 1
6014 0
6017 1
6020 0
6023 1
6026 0
6029 1
6032 0
6035 1
6038 0
6041 1
6044 0
6047 1
6050 0
6053 1
6056 0
6059 1
6062 0
6065 1
6068 0
6071 1
6074 0
6077 1
6080 0
6083 1
6086 0
6089 1
6092 0
6095 1
6098 0
6101 1
6104 0
6107 1
6110 0
6113 1
6116 0
6119 1
6122 0
6125 1
6128 0
6131 1
6134 0
6137 1
6140 0
6143 1
6146 0
6149 1
6152 0
6155 1
6158 0
6161 1
6164 0
6167 1
6170 0
6173 1
6176 0
6179 1
6182 0
6185 1
6188 0
6191 1
6194 0
6197 1
6200 0
6203 1
6206 0
6209 1
6212 0
6215 1
6218 0
6221 1
6224 0
6227 1
6230 0
6233 1
6236 0
6239 1
6242 0
6245 1
6248 0
6251 1
6254 0
6257 1
6260 0
6263 1
6266 0
6269 1
6272 0
6275 1
6278 0
6281 1
6284 0
6287 1
6290 0
6293 1
6296 0
6299 1
6302 0
6305 1
6308 0
6311 1
6314 0
6317 1
6320 0
6323 1
6326 0
6329 1
6332 0
6335 1
6338 0
6341 1
6344 0
6347 1
6350 0
6353 1
6356 0
6359 1
6362 0
6365 1
6368 0
6371 1
6374 0
6377 1
6380 0
6383 1
6386 0
6389 1
6392 0
6395 1
6398 0
6401 1
6404 0
6407 1
6410 0
6413 1
6416 0
6419 1
6422 0
6425 1
6428 0
6431 1
6434 0
6437 1
6440 0
6443 1
6446 0
6449 1
6452 0
6455 1
6458 0
6461 1
6464 0
6467 1
6470 0
6473 1
6476 0
6479 1
6482 0
6485 1
6488 0
6491 1
6494 0
6497 1
6500 0
6503 1
6506 0
6509 1
6512 0
6515 1
6518 0
6521 1
6524 0
6527 1
6530 0
6533 1
6536 0
6539 1
6542 0
6545 1
6548 0
6551 1
6554 0
6557 1
6560 0
6563 1
6566 0
6569 1
6572 0
6575 1
6578 0
6581 1
6584 0
6587 1
6590 0
6593 1
6596 0
6599 1
6602 0
6605 1
6608 0
6611 1
6614 0
6617 1
6620 0
6623 1
6626 0
6629 1
6632 0
6635 1
6638 0
6641 1
6644 0
6647 1
6650 0
6653 1
6656 0
6659 1
6662 0
6665 1
6668 0
6671 1
6674 0
6677 1
6680 0
6683 1
6686 0
6689 1
6692 0
6695 1
6698 0
6701 1
6704 0
6707 1
6710 0
6713 1
6716 0
6719 1
6722 0
6725 1
6728 0
6731 1
6734 0
6737 1
6740 0
6743 1
6746 0
6749 1
6752 0
6755 1
6758 0
6761 1
6764 0
6767 1
6770 0
6773 1
6776 0
6779 1
6782 0
6785 1
6788 0
6791 1
6794 0
6797 1
6800 0
6803 1
6806 0
6809 1
6812 0
6815 1
6818 0
6821 1
6824 0
6827 1
6830 0
6833 1
6836 0
6839 1
6842 0
6845 1
6848 0
6851 1
6854 0
6857 1
6860 0
6863 1
6866 0
6869 1
6872 0
6875 1
6878 0
6881 1
6884 0
6887 1
6890 0
6893 1
6896 0
6899 1
6902 0
6905 1
6908 0
6911 1
6914 0
6917 1
6920 0
6923 1
6926 0
6929 1
6932 0
6935 1
6938 0
6941 1
6944 0
6947 1
6950 0
6953 1
6956 0
6959 1
6962 0
6965 1
6968 0
6971 1
6974 0
6977 1
6980 0
6983 1
6986 0
6989 1
6992 0
6995 1
6998 0
7001 1
7004 0
7007 1
7010 0
7013 1
7016 0
7019 1
7022 0
7025 1
7028 0
7031 1
7034 0
7037 1
7040 0
7043 1
7046 0
7049 1
7052 0
7055 1
7058 0
7061 1
7064 0
7067 1
7070 0
7073 1
7076 0
7079 1
7082 0
7085 1
7088 0
7091 1
7094 0
7097 1
7100 0
7103 1
7106 0
7109 1
7112 0
7115 1
7118 0
7121 1
7124 0
7127 1
7130 0
7133 1
7136 0
7139 1
7142 0
7145 1
7148 0
7151 1
7154 0
7157 1
7160 0
7163 1
7166 0
7169 1
7172 0
7175 1
7178 0
7181 1
7184 0
7187 1
7190 0
7193 1
7196 0
7199 1
7202 0
7205 1
7208 0
7211 1
7214 0
7217 1
7220 0
7223 1
7226 0
7229 1
7232 0
7235 1
7238 0
7241 1
7244 0
7247 1
7250 0
7253 1
7256 0
7259 1
7262 0
7265 1
7268 0
7271 1
7274 0
7277 1
7280 0
7283 1
7286 0
7289 1
7292 0
7295 1
7298 0
7301 1
7304 0
7307 1
7310 0
7313 1
7316 0
7319 1
7322 0
7325 1
7328 0
7331 1
7334 0
7337 1
7340 0
7343 1
7346 0
7349 1
7352 0
7355 1
7358 0
7361 1
7364 0
7367 1
7370 0
7373 1
7376 0
7379 1
7382 0
7385 1
7388 0
7391 1
7394 0
7397 1
7400 0
7403 1
7406 0
7409 1
7412 0
7415 1
7418 0
7421 1
7424 0
7427 1
7430 0
7433 1
7436 0
7439 1
7442 0
7445 1
7448 0
7451 1
7454 0
7457 1
7460 0
7463 1
7466 0
7469 1
7472 0
7475 1
7478 0
7481 1
7484 0
7487 1
7490 0
7493 1
7496 0
7499 1
7502 0
7505 1
7508 0
7511 1
7514 0
7517 1
7520 0
7523 1
7526 0
7529 1
7532 0
7535 1
7538 0
7541 1
7544 0
7547 1
7550 0
7553 1
7556 0
7559 1
7562 0
7565 1
7568 0
7571 1
7574 0
7577 1
7580 0
7583 1
7586 0
7589 1
7592 0
7595 1
7598 0
7601 1
7604 0
7607 1
7610 0
7613 1
7616 0
7619 1
7622 0
7625 1
7628 0
7631 1
7634 0
7637 1
7640 0
7643 1
7646 0
7649 1
7652 0
7655 1
7658 0
7661 1
7664 0
7667 1
7670 0
7673 1
7676 0
7679 1
7682 0
7685 1
7688 0
7691 1
7694 0
7697 1
7700 0
7703 1
7706 0
7709 1
7712 0
7715 1
7718 0
7721 1
7724 0
7727 1
7730 0
7733 1
7736 0
7739 1
7742 0
7745 1
7748 0
7751 1
7754 0
7757 1
7760 0
7763 1
7766 0
7769 1
7772 0
7775 1
7778 0
7781 1
7784 0
7787 1
7790 0
7793 1
7796 0
7799 1
7802 0
7805 1
7808 0
7811 1
7814 0
7817 1
7820 0
7823 1
7826 0
7829 1
7832 0
7835 1
7838 0
7841 1
7844 0
7847 1
7850 0
7853 1
7856 0
7859 1
7862 0
7865 1
7868 0
7871 1
7874 0
7877 1
7880 0
7883 1
7886 0
7889 1
7892 0
7895 1
7898 0
7901 1
7904 0
7907 1
7910 0
7913 1
7916 0
7919 1
7922 0
7925 1
7928 0
7931 1
7934 0
7937 1
7940 0
7943 1
7946 0
7949 1
7952 0
7955 1
7958 0
7961 1
7964 0
7967 1
7970 0
7973 1
7976 0
7979 1
7982 0
7985 1
7988 0
7991 1
7994 0
7997 1
8000 0
8003 1
8006 0
8009 1
8012 0
8015 1
8018 0
8021 1
8024 0
8027 1
8030 0
8033 1
8036 0
8039 1
8042 0
8045 1
8048 0
8051 1
8054 0
8057 1
8060 0
8063 1
8066 0
8069 1
8072 0
8075 1
8078 0
8081 1
8084 0
8087 1
8090 0
8093 1
8096 0
8099 1
8102 0
8105 1
8108 0
8111 1
8114 0
8117 1
8120 0
8123 1
8126 0
8129 1
8132 0
8135 1
8138 0
8141 1
8144 0
8147 1
8150 0
8153 1
8156 0
8159 1
8162 0
8165 1
8168 0
8171 1
8174 0
8177 1
8180 0
8183 1
8186 0
8189 1
8192 0
8195 1
8198 0
8201 1
8204 0
8207 1
8210 0
8213 1
8216 0
8219 1
8222 0
8225 1
8228 0
8231 1
8234 0
8237 1
8240 0
8243 1
8246 0
8249 1
8252 0
8255 1
8258 0
8261 1
8264 0
8267 1
8270 0
8273 1
8276 0
8279 1
8282 0
8285 1
8288 0
8291 1
8294 0
8297 1
8300 0
8303 1
8306 0
8309 1
8312 0
8315 1
8318 0
8321 1
8324 0
8327 1
8330 0
8333 1
8336 0
8339 1
8342 0
8345 1
8348 0
8351 1
8354 0
8357 1
8360 0
8363 1
8366 0
8369 1
8372 0
8375 1
8378 0
8381 1
8384 0
8387 1
8390 0
8393 1
8396 0
8399 1
8402 0
8405 1
8408 0
8411 1
8414 0
8417 1
8420 0
8423 1
8426 0
8429 1
8432 0
8435 1
8438 0
8441 1
8444 0
8447 1
8450 0
8453 1
8456 0
8459 1
8462 0
8465 1
8468 0
8471 1
8474 0
8477 1
8480 0
8483 1
8486 0
8489 1
8492 0
8495 1
8498 0
8501 1
8504 0
8507 1
8510 0
8513 1
8516 0
8519 1
8522 0
8525 1
8528 0
8531 1
8534 0
8537 1
8540 0
8543 1
8546 0
8549 1
8552 0
8555 1
8558 0
8561 1
8564 0
8567 1
8570 0
8573 1
8576 0
8579 1
8582 0
8585 1
8588 0
8591 1
8594 0
8597 1
8600 0
8603 1
8606 0
8609 1
8612 0
8615 1
8618 0
8621 1
8624 0
8627 1
8630 0
8633 1
8636 0
8639 1
8642 0
8645 1
8648 0
8651 1
8654 0
8657 1
8660 0
8663 1
8666 0
8669 1
8672 0
8675 1
8678 0
8681 1
8684 0
8687 1
8690 0
8693 1
8696 0
8699 1
8702 0
8705 1
8708 0
8711 1
8714 0
8717 1
8720 0
8723 1
8726 0
8729 1
8732 0
8735 1
8738 0
8741 1
8744 0
8747 1
8750 0
8753 1
8756 0
8759 1
8762 0
8765 1
8768 0
8771 1
8774 0
8777 1
8780 0
8783 1
8786 0
8789 1
8792 0
8795 1
8798 0
8801 1
8804 0
8807 1
8810 0
8813 1
8816 0
8819 1
8822 0
8825 1
8828 0
8831 1
8834 0
8837 1
8840 0
8843 1
8846 0
8849 1
8852 0
8855 1
8858 0
8861 1
8864 0
8867 1
8870 0
8873 1
8876 0
8879 1
8882 0
8885 1
8888 0
8891 1
8894 0
8897 1
8900 0
8903 1
8906 0
8909 1
8912 0
8915 1
8918 0
8921 1
8924 0
8927 1
8930 0
8933 1
8936 0
8939 1
8942 0
8945 1
8948 0
8951 1
8954 0
8957 1
8960 0
8963 1
8966 0
8969 1
8972 0
8975 1
8978 0
8981 1
8984 0
8987 1
8990 0
8993 1
8996 0
8999 1
9002 0
9005 1
9008 0
9011 1
9014 0
9017 1
9020 0
9023 1
9026 0
9029 1
9032 0
9035 1
9038 0
9041 1
9044 0
9047 1
9050 0
9053 1
9056 0
9059 1
9062 0
9065 1
9068 0
9071 1
9074 0
9077 1
9080 0
9083 1
9086 0
9089 1
9092 0
9095 1
9098 0
9101 1
9104 0
9107 1
9110 0
9113 1
9116 0
9119 1
9122 0
9125 1
9128 0
9131 1
9134 0
9137 1
9140 0
9143 1
9146 0
9149 1
9152 0
9155 1
9158 0
9161 1
9164 0
9167 1
9170 0
9173 1
9176 0
9179 1
9182 0
9185 1
9188 0
9191 1
9194 0
9197 1
9200 0
9203 1
9206 0
9209 1
9212 0
9215 1
9218 0
9221 1
9224 0
9227 1
9230 0
9233 1
9236 0
9239 1
9242 0
9245 1
9248 0
9251 1
9254 0
9257 1
9260 0
9263 1
9266 0
9269 1
9272 0
9275 1
9278 0
9281 1
9284 0
9287 1
9290 0
9293 1
9296 0
9299 1
9302 0
9305 1
9308 0
9311 1
9314 0
9317 1
9320 0
9323 1
9326 0
9329 1
9332 0
9335 1
9338 0
9341 1
9344 0
9347 1
9350 0
9353 1
9356 0
9359 1
9362 0
9365 1
9368 0
9371 1
9374 0
9377 1
9380 0
9383 1
9386 0
9389 1
9392 0
9395 1
9398 0
9401 1
9404 0
9407 1
9410 0
9413 1
9416 0
9419 1
9422 0
9425 1
9428 0
9431 1
9434 0
9437 1
9440 0
9443 1
9446 0
9449 1
9452 0
9455 1
9458 0
9461 1
9464 0
9467 1
9470 0
9473 1
9476 0
9479 1
9482 0
9485 1
9488 0
9491 1
9494 0
9497 1
9500 0
9503 1
9506 0
9509 1
9512 0
9515 1
9518 0
9521 1
9524 0
9527 1
9530 0
9533 1
9536 0
9539 1
9542 0
9545 1
9548 0
9551 1
9554 0
9557 1
9560 0
9563 1
9566 0
9569 1
9572 0
9575 1
9578 0
9581 1
9584 0
9587 1
9590 0
9593 1
9596 0
9599 1
9602 0
9605 1
9608 0
9611 1
9614 0
9617 1
9620 0
9623 1
9626 0
9629 1
9632 0
9635 1
9638 0
9641 1
9644 0
9647 1
9650 0
9653 1
9656 0
9659 1
9662 0
9665 1
9668 0
9671 1
9674 0
9677 1
9680 0
9683 1
9686 0
9689 1
9692 0
9695 1
9698 0
9701 1
9704 0
9707 1
9710 0
9713 1
9716 0
9719 1
9722 0
9725 1
9728 0
9731 1
9734 0
9737 1
9740 0
9743 1
9746 0
9749 1
9752 0
9755 1
9758 0
9761 1
9764 0
9767 1
9770 0
9773 1
9776 0
9779 1
9782 0
9785 1
9788 0
9791 1
9794 0
9797 1
9800 0
9803 1
9806 0
9809 1
9812 0
9815 1
9818 0
9821 1
9824 0
9827 1
9830 0
9833 1
9836 0
9839 1
9842 0
9845 1
9848 0
9851 1
9854 0
9857 1
9860 0
9863 1
9866 0
9869 1
9872 0
9875 1
9878 0
9881 1
9884 0
9887 1
9890 0
9893 1
9896 0
9899 1
9902 0
9905 1
9908 0
9911 1
9914 0
9917 1
9920 0
9923 1
9926 0
9929 1
9932 0
9935 1
9938 0
9941 1
9944 0
9947 1
9950 0
9953 1
9956 0
9959 1
9962 0
9965 1
9968 0
9971 1
9974 0
9977 1
9980 0
9983 1
9986 0
9989 1
9992 0
9995 1
9998 0
10001 1
10004 0
10007 1
10010 0
10013 1
10016 0
10019 1
10022 0
10025 1
10028 0
10031 1
10034 0
10037 1
10040 0
10043 1
10046 0
10049 1
10052 0
10055 1
10058 0
10061 1
10064 0
10067 1
10070 0
10073 1
10076 0
10079 1
10082 0
10085 1
10088 0
10091 1
10094 0
10097 1
10100 0
10103 1
10106 0
10109 1
10112 0
10115 1
10118 0
10121 1
10124 0
10127 1
10130 0
10133 1
10136 0
10139 1
10142 0
10145 1
10148 0
10151 1
10154 0
10157 1
10160 0
10163 1
10166 0
10169 1
10172 0
10175 1
10178 0
10181 1
10184 0
10187 1
10190 0
10193 1
10196 0
10199 1
10202 0
10205 1
10208 0
10211 1
10214 0
10217 1
10220 0
10223 1
10226 0
10229 1
10232 0
10235 1
10238 0
10241 1
10244 0
10247 1
10250 0
10253 1
10256 0
10259 1
10262 0
10265 1
10268 0
10271 1
10274 0
10277 1
10280 0
10283 1
10286 0
10289 1
10292 0
10295 1
10298 0
10301 1
10304 0
10307 1
10310 0
10313 1
10316 0
10319 1
10322 0
10325 1
10328 0
10331 1
10334 0
10337 1
10340 0
10343 1
10346 0
10349 1
10352 0
10355 1
10358 0
10361 1
10364 0
10367 1
10370 0
10373 1
10376 0
10379 1
10382 0
10385 1
10388 0
10391 1
10394 0
10397 1
10400 0
10403 1
10406 0
10409 1
10412 0
10415 1
10418 0
10421 1
10424 0
10427 1
10430 0
10433 1
10436 0
10439 1
10442 0
10445 1
10448 0
10451 1
10454 0
10457 1
10460 0
10463 1
10466 0
10469 1
10472 0
10475 1
10478 0
10481 1
10484 0
10487 1
10490 0
10493 1
10496 0
10499 1
10502 0
10505 1
10508 0
10511 1
10514 0
10517 1
10520 0
10523 1
10526 0
10529 1
10532 0
10535 1
10538 0
10541 1
10544 0
10547 1
10550 0
10553 1
10556 0
10559 1
10562 0
10565 1
10568 0
10571 1
10574 0
10577 1
10580 0
10583 1
10586 0
10589 1
10592 0
10595 1
10598 0
10601 1
10604 0
10607 1
10610 0
10613 1
10616 0
10619 1
10622 0
10625 1
10628 0
10631 1
10634 0
10637 1
10640 0
10643 1
10646 0
10649 1
10652 0
10655 1
10658 0
10661 1
10664 0
10667 1
10670 0
10673 1
10676 0
10679 1
10682 0
10685 1
10688 0
10691 1
10694 0
10697 1
10700 0
10703 1
10706 0
10709 1
10712 0
10715 1
10718 0
10721 1
10724 0
10727 1
10730 0
10733 1
10736 0
10739 1
10742 0
10745 1
10748 0
10751 1
10754 0
10757 1
10760 0
10763 1
10766 0
10769 1
10772 0
10775 1
10778 0
10781 1
10784 0
10787 1
10790 0
10793 1
10796 0
10799 1
10802 0
10805 1
10808 0
10811 1
10814 0
10817 1
10820 0
10823 1
10826 0
10829 1
10832 0
10835 1
10838 0
10841 1
10844 0
10847 1
10850 0
10853 1
10856 0
10859 1
10862 0
10865 1
10868 0
10871 1
10874 0
10877 1
10880 0
10883 1
10886 0
10889 1
10892 0
10895 1
10898 0
10901 1
10904 0
10907 1
10910 0
10913 1
10916 0
10919 1
10922 0
10925 1
10928 0
10931 1
10934 0
10937 1
10940 0
10943 1
10946 0
10949 1
10952 0
10955 1
10958 0
10961 1
10964 0
10967 1
10970 0
10973 1
10976 0
10979 1
10982 0
10985 1
10988 0
10991 1
10994 0
10997 1
11000 0
11003 1
11006 0
11009 1
11012 0
11015 1
11018 0
11021 1
11024 0
11027 1
11030 0
11033 1
11036 0
11039 1
11042 0
11045 1
11048 0
11051 1
11054 0
11057 1
11060 0
11063 1
11066 0
11069 1
11072 0
11075 1
11078 0
11081 1
11084 0
11087 1
11090 0
11093 1
11096 0
11099 1
11102 0
11105 1
11108 0
11111 1
11114 0
11117 1
11120 0
11123 1
11126 0
11129 1
11132 0
11135 1
11138 0
11141 1
11144 0
11147 1
11150 0
11153 1
11156 0
11159 1
11162 0
11165 1
11168 0
11171 1
11174 0
11177 1
11180 0
11183 1
11186 0
11189 1
11192 0
11195 1
11198 0
11201 1
11204 0
11207 1
11210 0
11213 1
11216 0
11219 1
11222 0
11225 1
11228 0
11231 1
11234 0
11237 1
11240 0
11243 1
11246 0
11249 1
11252 0
11255 1
11258 0
11261 1
11264 0
11267 1
11270 0
11273 1
11276 0
11279 1
11282 0
11285 1
11288 0
11291 1
11294 0
11297 1
11300 0
11303 1
11306 0
11309 1
11312 0
11315 1
11318 0
11321 1
11324 0
11327 1
11330 0
11333 1
11336 0
11339 1
11342 0
11345 1
11348 0
11351 1
11354 0
11357 1
11360 0
11363 1
11366 0
11369 1
11372 0
11375 1
11378 0
11381 1
11384 0
11387 1
11390 0
11393 1
11396 0
11399 1
11402 0
11405 1
11408 0
11411 1
11414 0
11417 1
11420 0
11423 1
11426 0
11429 1
11432 0
11435 1
11438 0
11441 1
11444 0
11447 1
11450 0
11453 1
11456 0
11459 1
11462 0
11465 1
11468 0
11471 1
11474 0
11477 1
11480 0
11483 1
11486 0
11489 1
11492 0
11495 1
11498 0
11501 1
11504 0
11507 1
11510 0
11513 1
11516 0
11519 1
11522 0
11525 1
11528 0
11531 1
11534 0
11537 1
11540 0
11543 1
11546 0
11549 1
11552 0
11555 1
11558 0
11561 1
11564 0
11567 1
11570 0
11573 1
11576 0
11579 1
11582 0
11585 1
11588 0
11591 1
11594 0
11597 1
11600 0
11603 1
11606 0
11609 1
11612 0
11615 1
11618 0
11621 1
11624 0
11627 1
11630 0
11633 1
11636 0
11639 1
11642 0
11645 1
11648 0
11651 1
11654 0
11657 1
11660 0
11663 1
11666 0
11669 1
11672 0
11675 1
11678 0
11681 1
11684 0
11687 1
11690 0
11693 1
11696 0
11699 1
11702 0
11705 1
11708 0
11711 1
11714 0
11717 1
11720 0
11723 1
11726 0
11729 1
11732 0
11735 1
11738 0
11741 1
11744 0
11747 1
11750 0
11753 1
11756 0
11759 1
11762 0
11765 1
11768 0
11771 1
11774 0
11777 1
11780 0
11783 1
11786 0
11789 1
11792 0
11795 1
11798 0
11801 1
11804 0
11807 1
11810 0
11813 1
11816 0
11819 1
11822 0
11825 1
11828 0
11831 1
11834 0
11837 1
11840 0
11843 1
11846 0
11849 1
11852 0
11855 1
11858 0
11861 1
11864 0
11867 1
11870 0
11873 1
11876 0
11879 1
11882 0
11885 1
11888 0
11891 1
11894 0
11897 1
11900 0
11903 1
11906 0
11909 1
11912 0
11915 1
11918 0
11921 1
11924 0
11927 1
11930 0
11933 1
11936 0
11939 1
11942 0
11945 1
11948 0
11951 1
11954 0
11957 1
11960 0
11963 1
11966 0
11969 1
11972 0
11975 1
11978 0
11981 1
11984 0
11987 1
11990 0
11993 1
11996 0
11999 1
12002 0
12005 1
12008 0
12011 1
12014 0
12017 1
12020 0
12023 1
12026 0
12029 1
12032 0
12035 1
12038 0
12041 1
12044 0
12047 1
12050 0
12053 1
12056 0
12059 1
12062 0
12065 1
12068 0
12071 1
12074 0
12077 1
12080 0
12083 1
12086 0
12089 1
12092 0
12095 1
12098 0
12101 1
12104 0
12107 1
12110 0
12113 1
12116 0
12119 1
12122 0
12125 1
12128 0
12131 1
12134 0
12137 1
12140 0
12143 1
12146 0
12149 1
12152 0
12155 1
12158 0
12161 1
12164 0
12167 1
12170 0
12173 1
12176 0
12179 1
12182 0
12185 1
12188 0
12191 1
12194 0
12197 1
12200 0
12203 1
12206 0
12209 1
12212 0
12215 1
12218 0
12221 1
12224 0
12227 1
12230 0
12233 1
12236 0
12239 1
12242 0
12245 1
12248 0
12251 1
12254 0
12257 1
12260 0
12263 1
12266 0
12269 1
12272 0
12275 1
12278 0
12281 1
12284 0
12287 1
12290 0
12293 1
12296 0
12299 1
12302 0
12305 1
12308 0
12311 1
12314 0
12317 1
12320 0
12323 1
12326 0
12329 1
12332 0
12335 1
12338 0
12341 1
12344 0
12347 1
12350 0
12353 1
12356 0
12359 1
12362 0
12365 1
12368 0
12371 1
12374 0
12377 1
12380 0
12383 1
12386 0
12389 1
12392 0
12395 1
12398 0
12401 1
12404 0
12407 1
12410 0
12413 1
12416 0
12419 1
12422 0
12425 1
12428 0
12431 1
12434 0
12437 1
12440 0
12443 1
12446 0
12449 1
12452 0
12455 1
12458 0
12461 1
12464 0
12467 1
12470 0
12473 1
12476 0
12479 1
12482 0
12485 1
12488 0
12491 1
12494 0
12497 1
12500 0
12503 1
12506 0
12509 1
12512 0
12515 1
12518 0
12521 1
12524 0
12527 1
12530 0
12533 1
12536 0
12539 1
12542 0
12545 1
12548 0
12551 1
12554 0
12557 1
12560 0
12563 1
12566 0
12569 1
12572 0
12575 1
12578 0
12581 1
12584 0
12587 1
12590 0
12593 1
12596 0
12599 1
12602 0
12605 1
12608 0
12611 1
12614 0
12617 1
12620 0
12623 1
12626 0
12629 1
12632 0
12635 1
12638 0
12641 1
12644 0
12647 1
12650 0
12653 1
12656 0
12659 1
12662 0
12665 1
12668 0
12671 1
12674 0
12677 1
12680 0
12683 1
12686 0
12689 1
12692 0
12695 1
12698 0
12701 1
12704 0
12707 1
12710 0
12713 1
12716 0
12719 1
12722 0
12725 1
12728 0
12731 1
12734 0
12737 1
12740 0
12743 1
12746 0
12749 1
12752 0
12755 1
12758 0
12761 1
12764 0
12767 1
12770 0
12773 1
12776 0
12779 1
12782 0
12785 1
12788 0
12791 1
12794 0
12797 1
12800 0
12803 1
12806 0
12809 1
12812 0
12815 1
12818 0
12821 1
12824 0
12827 1
12830 0
12833 1
12836 0
12839 1
12842 0
12845 1
12848 0
12851 1
12854 0
12857 1
12860 0
12863 1
12866 0
12869 1
12872 0
12875 1
12878 0
12881 1
12884 0
12887 1
12890 0
12893 1
12896 0
12899 1
12902 0
12905 1
12908 0
12911 1
12914 0
12917 1
12920 0
12923 1
12926 0
12929 1
12932 0
12935 1
12938 0
12941 1
12944 0
12947 1
12950 0
12953 1
12956 0
12959 1
12962 0
12965 1
12968 0
12971 1
12974 0
12977 1
12980 0
12983 1
12986 0
12989 1
12992 0
12995 1
12998 0
13001 1
13004 0
13007 1
13010 0
13013 1
13016 0
13019 1
13022 0
13025 1
13028 0
13031 1
13034 0
13037 1
13040 0
13043 1
13046 0
13049 1
13052 0
13055 1
13058 0
13061 1
13064 0
13067 1
13070 0
13073 1
13076 0
13079 1
13082 0
13085 1
13088 0
13091 1
13094 0
13097 1
13100 0
13103 1
13106 0
13109 1
13112 0
13115 1
13118 0
13121 1
13124 0
13127 1
13130 0
13133 1
13136 0
13139 1
13142 0
13145 1
13148 0
13151 1
13154 0
13157 1
13160 0
13163 1
13166 0
13169 1
13172 0
13175 1
13178 0
13181 1
13184 0
13187 1
13190 0
13193 1
13196 0
13199 1
13202 0
13205 1
13208 0
13211 1
13214 0
13217 1
13220 0
13223 1
13226 0
13229 1
13232 0
13235 1
13238 0
13241 1
13244 0
13247 1
13250 0
13253 1
13256 0
13259 1
13262 0
13265 1
13268 0
13271 1
13274 0
13277 1
13280 0
13283 1
13286 0
13289 1
13292 0
13295 1
13298 0
13301 1
13304 0
13307 1
13310 0
13313 1
13316 0
13319 1
13322 0
13325 1
13328 0
13331 1
13334 0
13337 1
13340 0
13343 1
13346 0
13349 1
13352 0
13355 1
13358 0
13361 1
13364 0
13367 1
13370 0
13373 1
13376 0
13379 1
13382 0
13385 1
13388 0
13391 1
13394 0
13397 1
13400 0
13403 1
13406 0
13409 1
13412 0
13415 1
13418 0
13421 1
13424 0
13427 1
13430 0
13433 1
13436 0
13439 1
13442 0
13445 1
13448 0
13451 1
13454 0
13457 1
13460 0
13463 1
13466 0
13469 1
13472 0
13475 1
13478 0
13481 1
13484 0
13487 1
13490 0
13493 1
13496 0
13499 1
13502 0
13505 1
13508 0
13511 1
13514 0
13517 1
13520 0
13523 1
13526 0
13529 1
13532 0
13535 1
13538 0
13541 1
13544 0
13547 1
13550 0
13553 1
13556 0
13559 1
13562 0
13565 1
13568 0
13571 1
13574 0
13577 1
13580 0
13583 1
13586 0
13589 1
13592 0
13595 1
13598 0
13601 1
13604 0
13607 1
13610 0
13613 1
13616 0
13619 1
13622 0
13625 1
13628 0
13631 1
13634 0
13637 1
13640 0
13643 1
13646 0
13649 1
13652 0
13655 1
13658 0
13661 1
13664 0
13667 1
13670 0
13673 1
13676 0
13679 1
13682 0
13685 1
13688 0
13691 1
13694 0
13697 1
13700 0
13703 1
13706 0
13709 1
13712 0
13715 1
13718 0
13721 1
13724 0
13727 1
13730 0
13733 1
13736 0
13739 1
13742 0
13745 1
13748 0
13751 1
13754 0
13757 1
13760 0
13763 1
13766 0
13769 1
13772 0
13775 1
13778 0
13781 1
13784 0
13787 1
13790 0
13793 1
13796 0
13799 1
13802 0
13805 1
13808 0
13811 1
13814 0
13817 1
13820 0
13823 1
13826 0
13829 1
13832 0
13835 1
13838 0
13841 1
13844 0
13847 1
13850 0
13853 1
13856 0
13859 1
13862 0
13865 1
13868 0
13871 1
13874 0
13877 1
13880 0
13883 1
13886 0
13889 1
13892 0
13895 1
13898 0
13901 1
13904 0
13907 1
13910 0
13913 1
13916 0
13919 1
13922 0
13925 1
13928 0
13931 1
13934 0
13937 1
13940 0
13943 1
13946 0
13949 1
13952 0
13955 1
13958 0
13961 1
13964 0
13967 1
13970 0
13973 1
13976 0
13979 1
13982 0
13985 1
13988 0
13991 1
13994 0
13997 1
14000 0
14003 1
14006 0
14009 1
14012 0
14015 1
14018 0
14021 1
14024 0
14027 1
14030 0
14033 1
14036 0
14039 1
14042 0
14045 1
14048 0
14051 1
14054 0
14057 1
14060 0
14063 1
14066 0
14069 1
14072 0
14075 1
14078 0
14081 1
14084 0
14087 1
14090 0
14093 1
14096 0
14099 1
14102 0
14105 1
14108 0
14111 1
14114 0
14117 1
14120 0
14123 1
14126 0
14129 1
14132 0
14135 1
14138 0
14141 1
14144 0
14147 1
14150 0
14153 1
14156 0
14159 1
14162 0
14165 1
14168 0
14171 1
14174 0
14177 1
14180 0
14183 1
14186 0
14189 1
14192 0
14195 1
14198 0
14201 1
14204 0
14207 1
14210 0
14213 1
14216 0
14219 1
14222 0
14225 1
14228 0
14231 1
14234 0
14237 1
14240 0
14243 1
14246 0
14249 1
14252 0
14255 1
14258 0
14261 1
14264 0
14267 1
14270 0
14273 1
14276 0
14279 1
14282 0
14285 1
14288 0
14291 1
14294 0
14297 1
14300 0
14303 1
14306 0
14309 1
14312 0
14315 1
14318 0
14321 1
14324 0
14327 1
14330 0
14333 1
14336 0
14339 1
14342 0
14345 1
14348 0
14351 1
14354 0
14357 1
14360 0
14363 1
14366 0
14369 1
14372 0
14375 1
14378 0
14381 1
14384 0
14387 1
14390 0
14393 1
14396 0
14399 1
14402 0
14405 1
14408 0
14411 1
14414 0
14417 1
14420 0
14423 1
14426 0
14429 1
14432 0
14435 1
14438 0
14441 1
14444 0
14447 1
14450 0
14453 1
14456 0
14459 1
14462 0
14465 1
14468 0
14471 1
14474 0
14477 1
14480 0
14483 1
14486 0
14489 1
14492 0
14495 1
14498 0
14501 1
14504 0
14507 1
14510 0
14513 1
14516 0
14519 1
14522 0
14525 1
14528 0
14531 1
14534 0
14537 1
14540 0
14543 1
14546 0
14549 1
14552 0
14555 1
14558 0
14561 1
14564 0
14567 1
14570 0
14573 1
14576 0
14579 1
14582 0
14585 1
14588 0
14591 1
14594 0
14597 1
14600 0
14603 1
14606 0
14609 1
14612 0
14615 1
14618 0
14621 1
14624 0
14627 1
14630 0
14633 1
14636 0
14639 1
14642 0
14645 1
14648 0
14651 1
14654 0
14657 1
14660 0
14663 1
14666 0
14669 1
14672 0
14675 1
14678 0
14681 1
14684 0
14687 1
14690 0
14693 1
14696 0
14699 1
14702 0
14705 1
14708 0
14711 1
14714 0
14717 1
14720 0
14723 1
14726 0
14729 1
14732 0
14735 1
14738 0
14741 1
14744 0
14747 1
14750 0
14753 1
14756 0
14759 1
14762 0
14765 1
14768 0
14771 1
14774 0
14777 1
14780 0
14783 1
14786 0
14789 1
14792 0
14795 1
14798 0
14801 1
14804 0
14807 1
14810 0
14813 1
14816 0
14819 1
14822 0
14825 1
14828 0
14831 1
14834 0
14837 1
14840 0
14843 1
14846 0
14849 1
14852 0
14855 1
14858 0
14861 1
14864 0
14867 1
14870 0
14873 1
14876 0
14879 1
14882 0
14885 1
14888 0
14891 1
14894 0
14897 1
14900 0
14903 1
14906 0
14909 1
14912 0
14915 1
14918 0
14921 1
14924 0
14927 1
14930 0
14933 1
14936 0
14939 1
14942 0
14945 1
14948 0
14951 1
14954 0
14957 1
14960 0
14963 1
14966 0
14969 1
14972 0
14975 1
14978 0
14981 1
14984 0
14987 1
14990 0
14993 1
14996 0
14999 1
15002 0
15005 1
15008 0
15011 1
15014 0
15017 1
15020 0
15023 1
15026 0
15029 1
15032 0
15035 1
15038 0
15041 1
15044 0
15047 1
15050 0
15053 1
15056 0
15059 1
15062 0
15065 1
15068 0
15071 1
15074 0
15077 1
15080 0
15083 1
15086 0
15089 1
15092 0
15095 1
15098 0
15101 1
15104 0
15107 1
15110 0
15113 1
15116 0
15119 1
15122 0
15125 1
15128 0
15131 1
15134 0
15137 1
15140 0
15143 1
15146 0
15149 1
15152 0
15155 1
15158 0
15161 1
15164 0
15167 1
15170 0
15173 1
15176 0
15179 1
15182 0
15185 1
15188 0
15191 1
15194 0
15197 1
15200 0
15203 1
15206 0
15209 1
15212 0
15215 1
15218 0
15221 1
15224 0
15227 1
15230 0
15233 1
15236 0
15239 1
15242 0
15245 1
15248 0
15251 1
15254 0
15257 1
15260 0
15263 1
15266 0
15269 1
15272 0
15275 1
15278 0
15281 1
15284 0
15287 1
15290 0
15293 1
15296 0
15299 1
15302 0
15305 1
15308 0
15311 1
15314 0
15317 1
15320 0
15323 1
15326 0
15329 1
15332 0
15335 1
15338 0
15341 1
15344 0
15347 1
15350 0
15353 1
15356 0
15359 1
15362 0
15365 1
15368 0
15371 1
15374 0
15377 1
15380 0
15383 1
15386 0
15389 1
15392 0
15395 1
15398 0
15401 1
15404 0
15407 1
15410 0
15413 1
15416 0
15419 1
15422 0
15425 1
15428 0
15431 1
15434 0
15437 1
15440 0
15443 1
15446 0
15449 1
15452 0
15455 1
15458 0
15461 1
15464 0
15467 1
15470 0
15473 1
15476 0
15479 1
15482 0
15485 1
15488 0
15491 1
15494 0
15497 1
15500 0
15503 1
15506 0
15509 1
15512 0
15515 1
15518 0
15521 1
15524 0
15527 1
15530 0
15533 1
15536 0
15539 1
15542 0
15545 1
15548 0
15551 1
15554 0
15557 1
15560 0
15563 1
15566 0
15569 1
15572 0
15575 1
15578 0
15581 1
15584 0
15587 1
15590 0
15593 1
15596 0
15599 1
15602 0
15605 1
15608 0
15611 1
15614 0
15617 1
15620 0
15623 1
15626 0
15629 1
15632 0
15635 1
15638 0
15641 1
15644 0
15647 1
15650 0
15653 1
15656 0
15659 1
15662 0
15665 1
15668 0
15671 1
15674 0
15677 1
15680 0
15683 1
15686 0
15689 1
15692 0
15695 1
15698 0
15701 1
15704 0
15707 1
15710 0
15713 1
15716 0
15719 1
15722 0
15725 1
15728 0
15731 1
15734 0
15737 1
15740 0
15743 1
15746 0
15749 1
15752 0
15755 1
15758 0
15761 1
15764 0
15767 1
15770 0
15773 1
15776 0
15779 1
15782 0
15785 1
15788 0
15791 1
15794 0
15797 1
15800 0
15803 1
15806 0
15809 1
15812 0
15815 1
15818 0
15821 1
15824 0
15827 1
15830 0
15833 1
15836 0
15839 1
15842 0
15845 1
15848 0
15851 1
15854 0
15857 1
15860 0
15863 1
15866 0
15869 1
15872 0
15875 1
15878 0
15881 1
15884 0
15887 1
15890 0
15893 1
15896 0
15899 1
15902 0
15905 1
15908 0
15911 1
15914 0
15917 1
15920 0
15923 1
15926 0
15929 1
15932 0
15935 1
15938 0
15941 1
15944 0
15947 1
15950 0
15953 1
15956 0
15959 1
15962 0
15965 1
15968 0
15971 1
15974 0
15977 1
15980 0
15983 1
15986 0
15989 1
15992 0
15995 1
15998 0
16001 1
16004 0
16007 1
16010 0
16013 1
16016 0
16019 1
16022 0
16025 1
16028 0
16031 1
16034 0
16037 1
16040 0
16043 1
16046 0
16049 1
16052 0
16055 1
16058 0
16061 1
16064 0
16067 1
16070 0
16073 1
16076 0
16079 1
16082 0
16085 1
16088 0
16091 1
16094 0
16097 1
16100 0
16103 1
16106 0
16109 1
16112 0
16115 1
16118 0
16121 1
16124 0
16127 1
16130 0
16133 1
16136 0
16139 1
16142 0
16145 1
16148 0
16151 1
16154 0
16157 1
16160 0
16163 1
16166 0
16169 1
16172 0
16175 1
16178 0
16181 1
16184 0
16187 1
16190 0
16193 1
16196 0
16199 1
16202 0
16205 1
16208 0
16211 1
16214 0
16217 1
16220 0
16223 1
16226 0
16229 1
16232 0
16235 1
16238 0
16241 1
16244 0
16247 1
16250 0
16253 1
16256 0
16259 1
16262 0
16265 1
16268 0
16271 1
16274 0
16277 1
16280 0
16283 1
16286 0
16289 1
16292 0
16295 1
16298 0
16301 1
16304 0
16307 1
16310 0
16313 1
16316 0
16319 1
16322 0
16325 1
16328 0
16331 1
16334 0
16337 1
16340 0
16343 1
16346 0
16349 1
16352 0
16355 1
16358 0
16361 1
16364 0
16367 1
16370 0
16373 1
16376 0
16379 1
16382 0
16385 1
16388 0
16391 1
16394 0
16397 1
16400 0
16403 1
16406 0
16409 1
16412 0
16415 1
16418 0
16421 1
16424 0
16427 1
16430 0
16433 1
16436 0
16439 1
16442 0
16445 1
16448 0
16451 1
16454 0
16457 1
16460 0
16463 1
16466 0
16469 1
16472 0
16475 1
16478 0
16481 1
16484 0
16487 1
16490 0
16493 1
16496 0
16499 1
16502 0
16505 1
16508 0
16511 1
16514 0
16517 1
16520 0
16523 1
16526 0
16529 1
16532 0
16535 1
16538 0
16541 1
16544 0
16547 1
16550 0
16553 1
16556 0
16559 1
16562 0
16565 1
16568 0
16571 1
16574 0
16577 1
16580 0
16583 1
16586 0
16589 1
16592 0
16595 1
16598 0
16601 1
16604 0
16607 1
16610 0
16613 1
16616 0
16619 1
16622 0
16625 1
16628 0
16631 1
16634 0
16637 1
16640 0
16643 1
16646 0
16649 1
16652 0
16655 1
16658 0
16661 1
16664 0
16667 1
16670 0
16673 1
16676 0
16679 1
16682 0
16685 1
16688 0
16691 1
16694 0
16697 1
16700 0
16703 1
16706 0
16709 1
16712 0
16715 1
16718 0
16721 1
16724 0
16727 1
16730 0
16733 1
16736 0
16739 1
16742 0
16745 1
16748 0
16751 1
16754 0
16757 1
16760 0
16763 1
16766 0
16769 1
16772 0
16775 1
16778 0
16781 1
16784 0
16787 1
16790 0
16793 1
16796 0
16799 1
16802 0
16805 1
16808 0
16811 1
16814 0
16817 1
16820 0
16823 1
16826 0
16829 1
16832 0
16835 1
16838 0
16841 1
16844 0
16847 1
16850 0
16853 1
16856 0
16859 1
16862 0
16865 1
16868 0
16871 1
16874 0
16877 1
16880 0
16883 1
16886 0
16889 1
16892 0
16895 1
16898 0
16901 1
16904 0
16907 1
16910 0
16913 1
16916 0
16919 1
16922 0
16925 1
16928 0
16931 1
16934 0
16937 1
16940 0
16943 1
16946 0
16949 1
16952 0
16955 1
16958 0
16961 1
16964 0
16967 1
16970 0
16973 1
16976 0
16979 1
16982 0
16985 1
16988 0
16991 1
16994 0
16997 1
17000 0
17003 1
17006 0
17009 1
17012 0
17015 1
17018 0
17021 1
17024 0
17027 1
17030 0
17033 1
17036 0
17039 1
17042 0
17045 1
17048 0
17051 1
17054 0
17057 1
17060 0
17063 1
17066 0
17069 1
17072 0
17075 1
17078 0
17081 1
17084 0
17087 1
17090 0
17093 1
17096 0
17099 1
17102 0
17105 1
17108 0
17111 1
17114 0
17117 1
17120 0
17123 1
17126 0
17129 1
17132 0
17135 1
17138 0
17141 1
17144 0
17147 1
17150 0
17153 1
17156 0
17159 1
17162 0
17165 1
17168 0
17171 1
17174 0
17177 1
17180 0
17183 1
17186 0
17189 1
17192 0
17195 1
17198 0
17201 1
17204 0
17207 1
17210 0
17213 1
17216 0
17219 1
17222 0
17225 1
17228 0
17231 1
17234 0
17237 1
17240 0
17243 1
17246 0
17249 1
17252 0
17255 1
17258 0
17261 1
17264 0
17267 1
17270 0
17273 1
17276 0
17279 1
17282 0
17285 1
17288 0
17291 1
17294 0
17297 1
17300 0
17303 1
17306 0
17309 1
17312 0
17315 1
17318 0
17321 1
17324 0
17327 1
17330 0
17333 1
17336 0
17339 1
17342 0
17345 1
17348 0
17351 1
17354 0
17357 1
17360 0
17363 1
17366 0
17369 1
17372 0
17375 1
17378 0
17381 1
17384 0
17387 1
17390 0
17393 1
17396 0
17399 1
17402 0
17405 1
17408 0
17411 1
17414 0
17417 1
17420 0
17423 1
17426 0
17429 1
17432 0
17435 1
17438 0
17441 1
17444 0
17447 1
17450 0
17453 1
17456 0
17459 1
17462 0
17465 1
17468 0
17471 1
17474 0
17477 1
17480 0
17483 1
17486 0
17489 1
17492 0
17495 1
17498 0
17501 1
17504 0
17507 1
17510 0
17513 1
17516 0
17519 1
17522 0
17525 1
17528 0
17531 1
17534 0
17537 1
17540 0
17543 1
17546 0
17549 1
17552 0
17555 1
17558 0
17561 1
17564 0
17567 1
17570 0
17573 1
17576 0
17579 1
17582 0
17585 1
17588 0
17591 1
17594 0
17597 1
17600 0
17603 1
17606 0
17609 1
17612 0
17615 1
17618 0
17621 1
17624 0
17627 1
17630 0
17633 1
17636 0
17639 1
17642 0
17645 1
17648 0
17651 1
17654 0
17657 1
17660 0
17663 1
17666 0
17669 1
17672 0
17675 1
17678 0
17681 1
17684 0
17687 1
17690 0
17693 1
17696 0
17699 1
17702 0
17705 1
17708 0
17711 1
17714 0
17717 1
17720 0
17723 1
17726 0
17729 1
17732 0
17735 1
17738 0
17741 1
17744 0
17747 1
17750 0
17753 1
17756 0
17759 1
17762 0
17765 1
17768 0
17771 1
17774 0
17777 1
17780 0
17783 1
17786 0
17789 1
17792 0
17795 1
17798 0
17801 1
17804 0
17807 1
17810 0
17813 1
17816 0
17819 1
17822 0
17825 1
17828 0
17831 1
17834 0
17837 1
17840 0
17843 1
17846 0
17849 1
17852 0
17855 1
17858 0
17861 1
17864 0
17867 1
17870 0
17873 1
17876 0
17879 1
17882 0
17885 1
17888 0
17891 1
17894 0
17897 1
17900 0
17903 1
17906 0
17909 1
17912 0
17915 1
17918 0
17921 1
17924 0
17927 1
17930 0
17933 1
17936 0
17939 1
17942 0
17945 1
17948 0
17951 1
17954 0
17957 1
17960 0
17963 1
17966 0
17969 1
17972 0
17975 1
17978 0
17981 1
17984 0
17987 1
17990 0
17993 1
17996 0
17999 1
18002 0
18005 1
18008 0
18011 1
18014 0
18017 1
18020 0
18023 1
18026 0
18029 1
18032 0
18035 1
18038 0
18041 1
18044 0
18047 1
18050 0
18053 1
18056 0
18059 1
18062 0
18065 1
18068 0
18071 1
18074 0
18077 1
18080 0
18083 1
18086 0
18089 1
18092 0
18095 1
18098 0
18101 1
18104 0
18107 1
18110 0
18113 1
18116 0
18119 1
18122 0
18125 1
18128 0
18131 1
18134 0
18137 1
18140 0
18143 1
18146 0
18149 1
18152 0
18155 1
18158 0
18161 1
18164 0
18167 1
18170 0
18173 1
18176 0
18179 1
18182 0
18185 1
18188 0
18191 1
18194 0
18197 1
18200 0
18203 1
18206 0
18209 1
18212 0
18215 1
18218 0
18221 1
18224 0
18227 1
18230 0
18233 1
18236 0
18239 1
18242 0
18245 1
18248 0
18251 1
18254 0
18257 1
18260 0
18263 1
18266 0
18269 1
18272 0
18275 1
18278 0
18281 1
18284 0
18287 1
18290 0
18293 1
18296 0
18299 1
18302 0
18305 1
18308 0
18311 1
18314 0
18317 1
18320 0
18323 1
18326 0
18329 1
18332 0
18335 1
18338 0
18341 1
18344 0
18347 1
18350 0
18353 1
18356 0
18359 1
18362 0
18365 1
18368 0
18371 1
18374 0
18377 1
18380 0
18383 1
18386 0
18389 1
18392 0
18395 1
18398 0
18401 1
18404 0
18407 1
18410 0
18413 1
18416 0
18419 1
18422 0
18425 1
18428 0
18431 1
18434 0
18437 1
18440 0
18443 1
18446 0
18449 1
18452 0
18455 1
18458 0
18461 1
18464 0
18467 1
18470 0
18473 1
18476 0
18479 1
18482 0
18485 1
18488 0
18491 1
18494 0
18497 1
18500 0
18503 1
18506 0
18509 1
18512 0
18515 1
18518 0
18521 1
18524 0
18527 1
18530 0
18533 1
18536 0
18539 1
18542 0
18545 1
18548 0
18551 1
18554 0
18557 1
18560 0
18563 1
18566 0
18569 1
18572 0
18575 1
18578 0
18581 1
18584 0
18587 1
18590 0
18593 1
18596 0
18599 1
18602 0
18605 1
18608 0
18611 1
18614 0
18617 1
18620 0
18623 1
18626 0
18629 1
18632 0
18635 1
18638 0
18641 1
18644 0
18647 1
18650 0
18653 1
18656 0
18659 1
18662 0
18665 1
18668 0
18671 1
18674 0
18677 1
18680 0
18683 1
18686 0
18689 1
18692 0
18695 1
18698 0
18701 1
18704 0
18707 1
18710 0
18713 1
18716 0
18719 1
18722 0
18725 1
18728 0
18731 1
18734 0
18737 1
18740 0
18743 1
18746 0
18749 1
18752 0
18755 1
18758 0
18761 1
18764 0
18767 1
18770 0
18773 1
18776 0
18779 1
18782 0
18785 1
18788 0
18791 1
18794 0
18797 1
18800 0
18803 1
18806 0
18809 1
18812 0
18815 1
18818 0
18821 1
18824 0
18827 1
18830 0
18833 1
18836 0
18839 1
18842 0
18845 1
18848 0
18851 1
18854 0
18857 1
18860 0
18863 1
18866 0
18869 1
18872 0
18875 1
18878 0
18881 1
18884 0
18887 1
18890 0
18893 1
18896 0
18899 1
18902 0
18905 1
18908 0
18911 1
18914 0
18917 1
18920 0
18923 1
18926 0
18929 1
18932 0
18935 1
18938 0
18941 1
18944 0
18947 1
18950 0
18953 1
18956 0
18959 1
18962 0
18965 1
18968 0
18971 1
18974 0
18977 1
18980 0
18983 1
18986 0
18989 1
18992 0
18995 1
18998 0
19001 1
19004 0
19007 1
19010 0
19013 1
19016 0
19019 1
19022 0
19025 1
19028 0
19031 1
19034 0
19037 1
19040 0
19043 1
19046 0
19049 1
19052 0
19055 1
19058 0
19061 1
19064 0
19067 1
19070 0
19073 1
19076 0
19079 1
19082 0
19085 1
19088 0
19091 1
19094 0
19097 1
19100 0
19103 1
19106 0
19109 1
19112 0
19115 1
19118 0
19121 1
19124 0
19127 1
19130 0
19133 1
19136 0
19139 1
19142 0
19145 1
19148 0
19151 1
19154 0
19157 1
19160 0
19163 1
19166 0
19169 1
19172 0
19175 1
19178 0
19181 1
19184 0
19187 1
19190 0
19193 1
19196 0
19199 1
19202 0
19205 1
19208 0
19211 1
19214 0
19217 1
19220 0
19223 1
19226 0
19229 1
19232 0
19235 1
19238 0
19241 1
19244 0
19247 1
19250 0
19253 1
19256 0
19259 1
19262 0
19265 1
19268 0
19271 1
19274 0
19277 1
19280 0
19283 1
19286 0
19289 1
19292 0
19295 1
19298 0
19301 1
19304 0
19307 1
19310 0
19313 1
19316 0
19319 1
19322 0
19325 1
19328 0
19331 1
19334 0
19337 1
19340 0
19343 1
19346 0
19349 1
19352 0
19355 1
19358 0
19361 1
19364 0
19367 1
19370 0
19373 1
19376 0
19379 1
19382 0
19385 1
19388 0
19391 1
19394 0
19397 1
19400 0
19403 1
19406 0
19409 1
19412 0
19415 1
19418 0
19421 1
19424 0
19427 1
19430 0
19433 1
19436 0
19439 1
19442 0
19445 1
19448 0
19451 1
19454 0
19457 1
19460 0
19463 1
19466 0
19469 1
19472 0
19475 1
19478 0
19481 1
19484 0
19487 1
19490 0
19493 1
19496 0
19499 1
19502 0
19505 1
19508 0
19511 1
19514 0
19517 1
19520 0
19523 1
19526 0
19529 1
19532 0
19535 1
19538 0
19541 1
19544 0
19547 1
19550 0
19553 1
19556 0
19559 1
19562 0
19565 1
19568 0
19571 1
19574 0
19577 1
19580 0
19583 1
19586 0
19589 1
19592 0
19595 1
19598 0
19601 1
19604 0
19607 1
19610 0
19613 1
19616 0
19619 1
19622 0
19625 1
19628 0
19631 1
19634 0
19637 1
19640 0
19643 1
19646 0
19649 1
19652 0
19655 1
19658 0
19661 1
19664 0
19667 1
19670 0
19673 1
19676 0
19679 1
19682 0
19685 1
19688 0
19691 1
19694 0
19697 1
19700 0
19703 1
19706 0
19709 1
19712 0
19715 1
19718 0
19721 1
19724 0
19727 1
19730 0
19733 1
19736 0
19739 1
19742 0
19745 1
19748 0
19751 1
19754 0
19757 1
19760 0
19763 1
19766 0
19769 1
19772 0
19775 1
19778 0
19781 1
19784 0
19787 1
19790 0
19793 1
19796 0
19799 1
19802 0
19805 1
19808 0
19811 1
19814 0
19817 1
19820 0
19823 1
19826 0
19829 1
19832 0
19835 1
19838 0
19841 1
19844 0
19847 1
19850 0
19853 1
19856 0
19859 1
19862 0
19865 1
19868 0
19871 1
19874 0
19877 1
19880 0
19883 1
19886 0
19889 1
19892 0
19895 1
19898 0
19901 1
19904 0
19907 1
19910 0
19913 1
19916 0
19919 1
19922 0
19925 1
19928 0
19931 1
19934 0
19937 1
19940 0
19943 1
19946 0
19949 1
19952 0
19955 1
19958 0
19961 1
19964 0
19967 1
19970 0
19973 1
19976 0
19979 1
19982 0
19985 1
19988 0
19991 1
19994 0
19997 1
20000 0
20003 1
20006 0
20009 1
20012 0
20015 1
20018 0
20021 1
20024 0
20027 1
20030 0
20033 1
20036 0
20039 1
20042 0
20045 1
20048 0
20051 1
20054 0
20057 1
20060 0
20063 1
20066 0
20069 1
20072 0
20075 1
20078 0
20081 1
20084 0
20087 1
20090 0
20093 1
20096 0
20099 1
20102 0
20105 1
20108 0
20111 1
20114 0
20117 1
20120 0
20123 1
20126 0
20129 1
20132 0
20135 1
20138 0
20141 1
20144 0
20147 1
20150 0
20153 1
20156 0
20159 1
20162 0
20165 1
20168 0
20171 1
20174 0
20177 1
20180 0
20183 1
20186 0
20189 1
20192 0
20195 1
20198 0
20201 1
20204 0
20207 1
20210 0
20213 1
20216 0
20219 1
20222 0
20225 1
20228 0
20231 1
20234 0
20237 1
20240 0
20243 1
20246 0
20249 1
20252 0
20255 1
20258 0
20261 1
20264 0
20267 1
20270 0
20273 1
20276 0
20279 1
20282 0
20285 1
20288 0
20291 1
20294 0
20297 1
20300 0
20303 1
20306 0
20309 1
20312 0
20315 1
20318 0
20321 1
20324 0
20327 1
20330 0
20333 1
20336 0
20339 1
20342 0
20345 1
20348 0
20351 1
20354 0
20357 1
20360 0
20363 1
20366 0
20369 1
20372 0
20375 1
20378 0
20381 1
20384 0
20387 1
20390 0
20393 1
20396 0
20399 1
20402 0
20405 1
20408 0
20411 1
20414 0
20417 1
20420 0
20423 1
20426 0
20429 1
20432 0
20435 1
20438 0
20441 1
20444 0
20447 1
20450 0
20453 1
20456 0
20459 1
20462 0
20465 1
20468 0
20471 1
20474 0
20477 1
20480 0
20483 1
20486 0
20489 1
20492 0
20495 1
20498 0
20501 1
20504 0
20507 1
20510 0
20513 1
20516 0
20519 1
20522 0
20525 1
20528 0
20531 1
20534 0
20537 1
20540 0
20543 1
20546 0
20549 1
20552 0
20555 1
20558 0
20561 1
20564 0
20567 1
20570 0
20573 1
20576 0
20579 1
20582 0
20585 1
20588 0
20591 1
20594 0
20597 1
20600 0
20603 1
20606 0
20609 1
20612 0
20615 1
20618 0
20621 1
20624 0
20627 1
20630 0
20633 1
20636 0
20639 1
20642 0
20645 1
20648 0
20651 1
20654 0
20657 1
20660 0
20663 1
20666 0
20669 1
20672 0
20675 1
20678 0
20681 1
20684 0
20687 1
20690 0
20693 1
20696 0
20699 1
20702 0
20705 1
20708 0
20711 1
20714 0
20717 1
20720 0
20723 1
20726 0
20729 1
20732 0
20735 1
20738 0
20741 1
20744 0
20747 1
20750 0
20753 1
20756 0
20759 1
20762 0
20765 1
20768 0
20771 1
20774 0
20777 1
20780 0
20783 1
20786 0
20789 1
20792 0
20795 1
20798 0
20801 1
20804 0
20807 1
20810 0
20813 1
20816 0
20819 1
20822 0
20825 1
20828 0
20831 1
20834 0
20837 1
20840 0
20843 1
20846 0
20849 1
20852 0
20855 1
20858 0
20861 1
20864 0
20867 1
20870 0
20873 1
20876 0
20879 1
20882 0
20885 1
20888 0
20891 1
20894 0
20897 1
20900 0
20903 1
20906 0
20909 1
20912 0
20915 1
20918 0
20921 1
20924 0
20927 1
20930 0
20933 1
20936 0
20939 1
20942 0
20945 1
20948 0
20951 1
20954 0
20957 1
20960 0
20963 1
20966 0
20969 1
20972 0
20975 1
20978 0
20981 1
20984 0
20987 1
20990 0
20993 1
20996 0
20999 1
21002 0
21005 1
21008 0
21011 1
21014 0
21017 1
21020 0
21023 1
21026 0
21029 1
21032 0
21035 1
21038 0
21041 1
21044 0
21047 1
21050 0
21053 1
21056 0
21059 1
21062 0
21065 1
21068 0
21071 1
21074 0
21077 1
21080 0
21083 1
21086 0
21089 1
21092 0
21095 1
21098 0
21101 1
21104 0
21107 1
21110 0
21113 1
21116 0
21119 1
21122 0
21125 1
21128 0
21131 1
21134 0
21137 1
21140 0
21143 1
21146 0
21149 1
21152 0
21155 1
21158 0
21161 1
21164 0
21167 1
21170 0
21173 1
21176 0
21179 1
21182 0
21185 1
21188 0
21191 1
21194 0
21197 1
21200 0
21203 1
21206 0
21209 1
21212 0
21215 1
21218 0
21221 1
21224 0
21227 1
21230 0
21233 1
21236 0
21239 1
21242 0
21245 1
21248 0
21251 1
21254 0
21257 1
21260 0
21263 1
21266 0
21269 1
21272 0
21275 1
21278 0
21281 1
21284 0
21287 1
21290 0
21293 1
21296 0
21299 1
21302 0
21305 1
21308 0
21311 1
21314 0
21317 1
21320 0
21323 1
21326 0
21329 1
21332 0
21335 1
21338 0
21341 1
21344 0
21347 1
21350 0
21353 1
21356 0
21359 1
21362 0
21365 1
21368 0
21371 1
21374 0
21377 1
21380 0
21383 1
21386 0
21389 1
21392 0
21395 1
21398 0
21401 1
21404 0
21407 1
21410 0
21413 1
21416 0
21419 1
21422 0
21425 1
21428 0
21431 1
21434 0
21437 1
21440 0
21443 1
21446 0
21449 1
21452 0
21455 1
21458 0
21461 1
21464 0
21467 1
21470 0
21473 1
21476 0
21479 1
21482 0
21485 1
21488 0
21491 1
21494 0
21497 1
21500 0
21503 1
21506 0
21509 1
21512 0
21515 1
21518 0
21521 1
21524 0
21527 1
21530 0
21533 1
21536 0
21539 1
21542 0
21545 1
21548 0
21551 1
21554 0
21557 1
21560 0
21563 1
21566 0
21569 1
21572 0
21575 1
21578 0
21581 1
21584 0
21587 1
21590 0
21593 1
21596 0
21599 1
21602 0
21605 1
21608 0
21611 1
21614 0
21617 1
21620 0
21623 1
21626 0
21629 1
21632 0
21635 1
21638 0
21641 1
21644 0
21647 1
21650 0
21653 1
21656 0
21659 1
21662 0
21665 1
21668 0
21671 1
21674 0
21677 1
21680 0
21683 1
21686 0
21689 1
21692 0
21695 1
21698 0
21701 1
21704 0
21707 1
21710 0
21713 1
21716 0
21719 1
21722 0
21725 1
21728 0
21731 1
21734 0
21737 1
21740 0
21743 1
21746 0
21749 1
21752 0
21755 1
21758 0
21761 1
21764 0
21767 1
21770 0
21773 1
21776 0
21779 1
21782 0
21785 1
21788 0
21791 1
21794 0
21797 1
21800 0
21803 1
21806 0
21809 1
21812 0
21815 1
21818 0
21821 1
21824 0
21827 1
21830 0
21833 1
21836 0
21839 1
21842 0
21845 1
21848 0
21851 1
21854 0
21857 1
21860 0
21863 1
21866 0
21869 1
21872 0
21875 1
21878 0
21881 1
21884 0
21887 1
21890 0
21893 1
21896 0
21899 1
21902 0
21905 1
21908 0
21911 1
21914 0
21917 1
21920 0
21923 1
21926 0
21929 1
21932 0
21935 1
21938 0
21941 1
21944 0
21947 1
21950 0
21953 1
21956 0
21959 1
21962 0
21965 1
21968 0
21971 1
21974 0
21977 1
21980 0
21983 1
21986 0
21989 1
21992 0
21995 1
21998 0
22001 1
22004 0
22007 1
22010 0
22013 1
22016 0
22019 1
22022 0
22025 1
22028 0
22031 1
22034 0
22037 1
22040 0
22043 1
22046 0
22049 1
22052 0
22055 1
22058 0
22061 1
22064 0
22067 1
22070 0
22073 1
22076 0
22079 1
22082 0
22085 1
22088 0
22091 1
22094 0
22097 1
22100 0
22103 1
22106 0
22109 1
22112 0
22115 1
22118 0
22121 1
22124 0
22127 1
22130 0
22133 1
22136 0
22139 1
22142 0
22145 1
22148 0
22151 1
22154 0
22157 1
22160 0
22163 1
22166 0
22169 1
22172 0
22175 1
22178 0
22181 1
22184 0
22187 1
22190 0
22193 1
22196 0
22199 1
22202 0
22205 1
22208 0
22211 1
22214 0
22217 1
22220 0
22223 1
22226 0
22229 1
22232 0
22235 1
22238 0
22241 1
22244 0
22247 1
22250 0
22253 1
22256 0
22259 1
22262 0
22265 1
22268 0
22271 1
22274 0
22277 1
22280 0
22283 1
22286 0
22289 1
22292 0
22295 1
22298 0
22301 1
22304 0
22307 1
22310 0
22313 1
22316 0
22319 1
22322 0
22325 1
22328 0
22331 1
22334 0
22337 1
22340 0
22343 1
22346 0
22349 1
22352 0
22355 1
22358 0
22361 1
22364 0
22367 1
22370 0
22373 1
22376 0
22379 1
22382 0
22385 1
22388 0
22391 1
22394 0
22397 1
22400 0
22403 1
22406 0
22409 1
22412 0
22415 1
22418 0
22421 1
22424 0
22427 1
22430 0
22433 1
22436 0
22439 1
22442 0
22445 1
22448 0
22451 1
22454 0
22457 1
22460 0
22463 1
22466 0
22469 1
22472 0
22475 1
22478 0
22481 1
22484 0
22487 1
22490 0
22493 1
22496 0
22499 1
22502 0
22505 1
22508 0
22511 1
22514 0
22517 1
22520 0
22523 1
22526 0
22529 1
22532 0
22535 1
22538 0
22541 1
22544 0
22547 1
22550 0
22553 1
22556 0
22559 1
22562 0
22565 1
22568 0
22571 1
22574 0
22577 1
22580 0
22583 1
22586 0
22589 1
22592 0
22595 1
22598 0
22601 1
22604 0
22607 1
22610 0
22613 1
22616 0
22619 1
22622 0
22625 1
22628 0
22631 1
22634 0
22637 1
22640 0
22643 1
22646 0
22649 1
22652 0
22655 1
22658 0
22661 1
22664 0
22667 1
22670 0
22673 1
22676 0
22679 1
22682 0
22685 1
22688 0
22691 1
22694 0
22697 1
22700 0
22703 1
22706 0
22709 1
22712 0
22715 1
22718 0
22721 1
22724 0
22727 1
22730 0
22733 1
22736 0
22739 1
22742 0
22745 1
22748 0
22751 1
22754 0
22757 1
22760 0
22763 1
22766 0
22769 1
22772 0
22775 1
22778 0
22781 1
22784 0
22787 1
22790 0
22793 1
22796 0
22799 1
22802 0
22805 1
22808 0
22811 1
22814 0
22817 1
22820 0
22823 1
22826 0
22829 1
22832 0
22835 1
22838 0
22841 1
22844 0
22847 1
22850 0
22853 1
22856 0
22859 1
22862 0
22865 1
22868 0
22871 1
22874 0
22877 1
22880 0
22883 1
22886 0
22889 1
22892 0
22895 1
22898 0
22901 1
22904 0
22907 1
22910 0
22913 1
22916 0
22919 1
22922 0
22925 1
22928 0
22931 1
22934 0
22937 1
22940 0
22943 1
22946 0
22949 1
22952 0
22955 1
22958 0
22961 1
22964 0
22967 1
22970 0
22973 1
22976 0
22979 1
22982 0
22985 1
22988 0
22991 1
22994 0
22997 1
23000 0
23003 1
23006 0
23009 1
23012 0
23015 1
23018 0
23021 1
23024 0
23027 1
23030 0
23033 1
23036 0
23039 1
23042 0
23045 1
23048 0
23051 1
23054 0
23057 1
23060 0
23063 1
23066 0
23069 1
23072 0
23075 1
23078 0
23081 1
23084 0
23087 1
23090 0
23093 1
23096 0
23099 1
23102 0
23105 1
23108 0
23111 1
23114 0
23117 1
23120 0
23123 1
23126 0
23129 1
23132 0
23135 1
23138 0
23141 1
23144 0
23147 1
23150 0
23153 1
23156 0
23159 1
23162 0
23165 1
23168 0
23171 1
23174 0
23177 1
23180 0
23183 1
23186 0
23189 1
23192 0
23195 1
23198 0
23201 1
23204 0
23207 1
23210 0
23213 1
23216 0
23219 1
23222 0
23225 1
23228 0
23231 1
23234 0
23237 1
23240 0
23243 1
23246 0
23249 1
23252 0
23255 1
23258 0
23261 1
23264 0
23267 1
23270 0
23273 1
23276 0
23279 1
23282 0
23285 1
23288 0
23291 1
23294 0
23297 1
23300 0
23303 1
23306 0
23309 1
23312 0
23315 1
23318 0
23321 1
23324 0
23327 1
23330 0
23333 1
23336 0
23339 1
23342 0
23345 1
23348 0
23351 1
23354 0
23357 1
23360 0
23363 1
23366 0
23369 1
23372 0
23375 1
23378 0
23381 1
23384 0
23387 1
23390 0
23393 1
23396 0
23399 1
23402 0
23405 1
23408 0
23411 1
23414 0
23417 1
23420 0
23423 1
23426 0
23429 1
23432 0
23435 1
23438 0
23441 1
23444 0
23447 1
23450 0
23453 1
23456 0
23459 1
23462 0
23465 1
23468 0
23471 1
23474 0
23477 1
23480 0
23483 1
23486 0
23489 1
23492 0
23495 1
23498 0
23501 1
23504 0
23507 1
23510 0
23513 1
23516 0
23519 1
23522 0
23525 1
23528 0
23531 1
23534 0
23537 1
23540 0
23543 1
23546 0
23549 1
23552 0
23555 1
23558 0
23561 1
23564 0
23567 1
23570 0
23573 1
23576 0
23579 1
23582 0
23585 1
23588 0
23591 1
23594 0
23597 1
23600 0
23603 1
23606 0
23609 1
23612 0
23615 1
23618 0
23621 1
23624 0
23627 1
23630 0
23633 1
23636 0
23639 1
23642 0
23645 1
23648 0
23651 1
23654 0
23657 1
23660 0
23663 1
23666 0
23669 1
23672 0
23675 1
23678 0
23681 1
23684 0
23687 1
23690 0
23693 1
23696 0
23699 1
23702 0
23705 1
23708 0
23711 1
23714 0
23717 1
23720 0
23723 1
23726 0
23729 1
23732 0
23735 1
23738 0
23741 1
23744 0
23747 1
23750 0
23753 1
23756 0
23759 1
23762 0
23765 1
23768 0
23771 1
23774 0
23777 1
23780 0
23783 1
23786 0
23789 1
23792 0
23795 1
23798 0
23801 1
23804 0
23807 1
23810 0
23813 1
23816 0
23819 1
23822 0
23825 1
23828 0
23831 1
23834 0
23837 1
23840 0
23843 1
23846 0
23849 1
23852 0
23855 1
23858 0
23861 1
23864 0
23867 1
23870 0
23873 1
23876 0
23879 1
23882 0
23885 1
23888 0
23891 1
23894 0
23897 1
23900 0
23903 1
23906 0
23909 1
23912 0
23915 1
23918 0
23921 1
23924 0
23927 1
23930 0
23933 1
23936 0
23939 1
23942 0
23945 1
23948 0
23951 1
23954 0
23957 1
23960 0
23963 1
23966 0
23969 1
23972 0
23975 1
23978 0
23981 1
23984 0
23987 1
23990 0
23993 1
23996 0
23999 1
24002 0
24005 1
24008 0
24011 1
24014 0
24017 1
24020 0
24023 1
24026 0
24029 1
24032 0
24035 1
24038 0
24041 1
24044 0
24047 1
24050 0
24053 1
24056 0
24059 1
24062 0
24065 1
24068 0
24071 1
24074 0
24077 1
24080 0
24083 1
24086 0
24089 1
24092 0
24095 1
24098 0
24101 1
24104 0
24107 1
24110 0
24113 1
24116 0
24119 1
24122 0
24125 1
24128 0
24131 1
24134 0
24137 1
24140 0
24143 1
24146 0
24149 1
24152 0
24155 1
24158 0
24161 1
24164 0
24167 1
24170 0
24173 1
24176 0
24179 1
24182 0
24185 1
24188 0
24191 1
24194 0
24197 1
24200 0
24203 1
24206 0
24209 1
24212 0
24215 1
24218 0
24221 1
24224 0
24227 1
24230 0
24233 1
24236 0
24239 1
24242 0
24245 1
24248 0
24251 1
24254 0
24257 1
24260 0
24263 1
24266 0
24269 1
24272 0
24275 1
24278 0
24281 1
24284 0
24287 1
24290 0
24293 1
24296 0
24299 1
24302 0
24305 1
24308 0
24311 1
24314 0
24317 1
24320 0
24323 1
24326 0
24329 1
24332 0
24335 1
24338 0
24341 1
24344 0
24347 1
24350 0
24353 1
24356 0
24359 1
24362 0
24365 1
24368 0
24371 1
24374 0
24377 1
24380 0
24383 1
24386 0
24389 1
24392 0
24395 1
24398 0
24401 1
24404 0
24407 1
24410 0
24413 1
24416 0
24419 1
24422 0
24425 1
24428 0
24431 1
24434 0
24437 1
24440 0
24443 1
24446 0
24449 1
24452 0
24455 1
24458 0
24461 1
24464 0
24467 1
24470 0
24473 1
24476 0
24479 1
24482 0
24485 1
24488 0
24491 1
24494 0
24497 1
24500 0
24503 1
24506 0
24509 1
24512 0
24515 1
24518 0
24521 1
24524 0
24527 1
24530 0
24533 1
24536 0
24539 1
24542 0
24545 1
24548 0
24551 1
24554 0
24557 1
24560 0
24563 1
24566 0
24569 1
24572 0
24575 1
24578 0
24581 1
24584 0
24587 1
24590 0
24593 1
24596 0
24599 1
24602 0
24605 1
24608 0
24611 1
24614 0
24617 1
24620 0
24623 1
24626 0
24629 1
24632 0
24635 1
24638 0
24641 1
24644 0
24647 1
24650 0
24653 1
24656 0
24659 1
24662 0
24665 1
24668 0
24671 1
24674 0
24677 1
24680 0
24683 1
24686 0
24689 1
24692 0
24695 1
24698 0
24701 1
24704 0
24707 1
24710 0
24713 1
24716 0
24719 1
24722 0
24725 1
24728 0
24731 1
24734 0
24737 1
24740 0
24743 1
24746 0
24749 1
24752 0
24755 1
24758 0
24761 1
24764 0
24767 1
24770 0
24773 1
24776 0
24779 1
24782 0
24785 1
24788 0
24791 1
24794 0
24797 1
24800 0
24803 1
24806 0
24809 1
24812 0
24815 1
24818 0
24821 1
24824 0
24827 1
24830 0
24833 1
24836 0
24839 1
24842 0
24845 1
24848 0
24851 1
24854 0
24857 1
24860 0
24863 1
24866 0
24869 1
24872 0
24875 1
24878 0
24881 1
24884 0
24887 1
24890 0
24893 1
24896 0
24899 1
24902 0
24905 1
24908 0
24911 1
24914 0
24917 1
24920 0
24923 1
24926 0
24929 1
24932 0
24935 1
24938 0
24941 1
24944 0
24947 1
24950 0
24953 1
24956 0
24959 1
24962 0
24965 1
24968 0
24971 1
24974 0
24977 1
24980 0
24983 1
24986 0
24989 1
24992 0
24995 1
24998 0
25001 1
25004 0
25007 1
25010 0
25013 1
25016 0
25019 1
25022 0
25025 1
25028 0
25031 1
25034 0
25037 1
25040 0
25043 1
25046 0
25049 1
25052 0
25055 1
25058 0
25061 1
25064 0
25067 1
25070 0
25073 1
25076 0
25079 1
25082 0
25085 1
25088 0
25091 1
25094 0
25097 1
25100 0
25103 1
25106 0
25109 1
25112 0
25115 1
25118 0
25121 1
25124 0
25127 1
25130 0
25133 1
25136 0
25139 1
25142 0
25145 1
25148 0
25151 1
25154 0
25157 1
25160 0
25163 1
25166 0
25169 1
25172 0
25175 1
25178 0
25181 1
25184 0
25187 1
25190 0
25193 1
25196 0
25199 1
25202 0
25205 1
25208 0
25211 1
25214 0
25217 1
25220 0
25223 1
25226 0
25229 1
25232 0
25235 1
25238 0
25241 1
25244 0
25247 1
25250 0
25253 1
25256 0
25259 1
25262 0
25265 1
25268 0
25271 1
25274 0
25277 1
25280 0
25283 1
25286 0
25289 1
25292 0
25295 1
25298 0
25301 1
25304 0
25307 1
25310 0
25313 1
25316 0
25319 1
25322 0
25325 1
25328 0
25331 1
25334 0
25337 1
25340 0
25343 1
25346 0
25349 1
25352 0
25355 1
25358 0
25361 1
25364 0
25367 1
25370 0
25373 1
25376 0
25379 1
25382 0
25385 1
25388 0
25391 1
25394 0
25397 1
25400 0
25403 1
25406 0
25409 1
25412 0
25415 1
25418 0
25421 1
25424 0
25427 1
25430 0
25433 1
25436 0
25439 1
25442 0
25445 1
25448 0
25451 1
25454 0
25457 1
25460 0
25463 1
25466 0
25469 1
25472 0
25475 1
25478 0
25481 1
25484 0
25487 1
25490 0
25493 1
25496 0
25499 1
25502 0
25505 1
25508 0
25511 1
25514 0
25517 1
25520 0
25523 1
25526 0
25529 1
25532 0
25535 1
25538 0
25541 1
25544 0
25547 1
25550 0
25553 1
25556 0
25559 1
25562 0
25565 1
25568 0
25571 1
25574 0
25577 1
25580 0
25583 1
25586 0
25589 1
25592 0
25595 1
25598 0
25601 1
25604 0
25607 1
25610 0
25613 1
25616 0
25619 1
25622 0
25625 1
25628 0
25631 1
25634 0
25637 1
25640 0
25643 1
25646 0
25649 1
25652 0
25655 1
25658 0
25661 1
25664 0
25667 1
25670 0
25673 1
25676 0
25679 1
25682 0
25685 1
25688 0
25691 1
25694 0
25697 1
25700 0
25703 1
25706 0
25709 1
25712 0
25715 1
25718 0
25721 1
25724 0
25727 1
25730 0
25733 1
25736 0
25739 1
25742 0
25745 1
25748 0
25751 1
25754 0
25757 1
25760 0
25763 1
25766 0
25769 1
25772 0
25775 1
25778 0
25781 1
25784 0
25787 1
25790 0
25793 1
25796 0
25799 1
25802 0
25805 1
25808 0
25811 1
25814 0
25817 1
25820 0
25823 1
25826 0
25829 1
25832 0
25835 1
25838 0
25841 1
25844 0
25847 1
25850 0
25853 1
25856 0
25859 1
25862 0
25865 1
25868 0
25871 1
25874 0
25877 1
25880 0
25883 1
25886 0
25889 1
25892 0
25895 1
25898 0
25901 1
25904 0
25907 1
25910 0
25913 1
25916 0
25919 1
25922 0
25925 1
25928 0
25931 1
25934 0
25937 1
25940 0
25943 1
25946 0
25949 1
25952 0
25955 1
25958 0
25961 1
25964 0
25967 1
25970 0
25973 1
25976 0
25979 1
25982 0
25985 1
25988 0
25991 1
25994 0
25997 1
26000 0
26003 1
26006 0
26009 1
26012 0
26015 1
26018 0
26021 1
26024 0
26027 1
26030 0
26033 1
26036 0
26039 1
26042 0
26045 1
26048 0
26051 1
26054 0
26057 1
26060 0
26063 1
26066 0
26069 1
26072 0
26075 1
26078 0
26081 1
26084 0
26087 1
26090 0
26093 1
26096 0
26099 1
26102 0
26105 1
26108 0
26111 1
26114 0
26117 1
26120 0
26123 1
26126 0
26129 1
26132 0
26135 1
26138 0
26141 1
26144 0
26147 1
26150 0
26153 1
26156 0
26159 1
26162 0
26165 1
26168 0
26171 1
26174 0
26177 1
26180 0
26183 1
26186 0
26189 1
26192 0
26195 1
26198 0
26201 1
26204 0
26207 1
26210 0
26213 1
26216 0
26219 1
26222 0
26225 1
26228 0
26231 1
26234 0
26237 1
26240 0
26243 1
26246 0
26249 1
26252 0
26255 1
26258 0
26261 1
26264 0
26267 1
26270 0
26273 1
26276 0
26279 1
26282 0
26285 1
26288 0
26291 1
26294 0
26297 1
26300 0
26303 1
26306 0
26309 1
26312 0
26315 1
26318 0
26321 1
26324 0
26327 1
26330 0
26333 1
26336 0
26339 1
26342 0
26345 1
26348 0
26351 1
26354 0
26357 1
26360 0
26363 1
26366 0
26369 1
26372 0
26375 1
26378 0
26381 1
26384 0
26387 1
26390 0
26393 1
26396 0
26399 1
26402 0
26405 1
26408 0
26411 1
26414 0
26417 1
26420 0
26423 1
26426 0
26429 1
26432 0
26435 1
26438 0
26441 1
26444 0
26447 1
26450 0
26453 1
26456 0
26459 1
26462 0
26465 1
26468 0
26471 1
26474 0
26477 1
26480 0
26483 1
26486 0
26489 1
26492 0
26495 1
26498 0
26501 1
26504 0
26507 1
26510 0
26513 1
26516 0
26519 1
26522 0
26525 1
26528 0
26531 1
26534 0
26537 1
26540 0
26543 1
26546 0
26549 1
26552 0
26555 1
26558 0
26561 1
26564 0
26567 1
26570 0
26573 1
26576 0
26579 1
26582 0
26585 1
26588 0
26591 1
26594 0
26597 1
26600 0
26603 1
26606 0
26609 1
26612 0
26615 1
26618 0
26621 1
26624 0
26627 1
26630 0
26633 1
26636 0
26639 1
26642 0
26645 1
26648 0
26651 1
26654 0
26657 1
26660 0
26663 1
26666 0
26669 1
26672 0
26675 1
26678 0
26681 1
26684 0
26687 1
26690 0
26693 1
26696 0
26699 1
26702 0
26705 1
26708 0
26711 1
26714 0
26717 1
26720 0
26723 1
26726 0
26729 1
26732 0
26735 1
26738 0
26741 1
26744 0
26747 1
26750 0
26753 1
26756 0
26759 1
26762 0
26765 1
26768 0
26771 1
26774 0
26777 1
26780 0
26783 1
26786 0
26789 1
26792 0
26795 1
26798 0
26801 1
26804 0
26807 1
26810 0
26813 1
26816 0
26819 1
26822 0
26825 1
26828 0
26831 1
26834 0
26837 1
26840 0
26843 1
26846 0
26849 1
26852 0
26855 1
26858 0
26861 1
26864 0
26867 1
26870 0
26873 1
26876 0
26879 1
26882 0
26885 1
26888 0
26891 1
26894 0
26897 1
26900 0
26903 1
26906 0
26909 1
26912 0
26915 1
26918 0
26921 1
26924 0
26927 1
26930 0
26933 1
26936 0
26939 1
26942 0
26945 1
26948 0
26951 1
26954 0
26957 1
26960 0
26963 1
26966 0
26969 1
26972 0
26975 1
26978 0
26981 1
26984 0
26987 1
26990 0
26993 1
26996 0
26999 1
27002 0
27005 1
27008 0
27011 1
27014 0
27017 1
27020 0
27023 1
27026 0
27029 1
27032 0
27035 1
27038 0
27041 1
27044 0
27047 1
27050 0
27053 1
27056 0
27059 1
27062 0
27065 1
27068 0
27071 1
27074 0
27077 1
27080 0
27083 1
27086 0
27089 1
27092 0
27095 1
27098 0
27101 1
27104 0
27107 1
27110 0
27113 1
27116 0
27119 1
27122 0
27125 1
27128 0
27131 1
27134 0
27137 1
27140 0
27143 1
27146 0
27149 1
27152 0
27155 1
27158 0
27161 1
27164 0
27167 1
27170 0
27173 1
27176 0
27179 1
27182 0
27185 1
27188 0
27191 1
27194 0
27197 1
27200 0
27203 1
27206 0
27209 1
27212 0
27215 1
27218 0
27221 1
27224 0
27227 1
27230 0
27233 1
27236 0
27239 1
27242 0
27245 1
27248 0
27251 1
27254 0
27257 1
27260 0
27263 1
27266 0
27269 1
27272 0
27275 1
27278 0
27281 1
27284 0
27287 1
27290 0
27293 1
27296 0
27299 1
27302 0
27305 1
27308 0
27311 1
27314 0
27317 1
27320 0
27323 1
27326 0
27329 1
27332 0
27335 1
27338 0
27341 1
27344 0
27347 1
27350 0
27353 1
27356 0
27359 1
27362 0
27365 1
27368 0
27371 1
27374 0
27377 1
27380 0
27383 1
27386 0
27389 1
27392 0
27395 1
27398 0
27401 1
27404 0
27407 1
27410 0
27413 1
27416 0
27419 1
27422 0
27425 1
27428 0
27431 1
27434 0
27437 1
27440 0
27443 1
27446 0
27449 1
27452 0
27455 1
27458 0
27461 1
27464 0
27467 1
27470 0
27473 1
27476 0
27479 1
27482 0
27485 1
27488 0
27491 1
27494 0
27497 1
27500 0
27503 1
27506 0
27509 1
27512 0
27515 1
27518 0
27521 1
27524 0
27527 1
27530 0
27533 1
27536 0
27539 1
27542 0
27545 1
27548 0
27551 1
27554 0
27557 1
27560 0
27563 1
27566 0
27569 1
27572 0
27575 1
27578 0
27581 1
27584 0
27587 1
27590 0
27593 1
27596 0
27599 1
27602 0
27605 1
27608 0
27611 1
27614 0
27617 1
27620 0
27623 1
27626 0
27629 1
27632 0
27635 1
27638 0
27641 1
27644 0
27647 1
27650 0
27653 1
27656 0
27659 1
27662 0
27665 1
27668 0
27671 1
27674 0
27677 1
27680 0
27683 1
27686 0
27689 1
27692 0
27695 1
27698 0
27701 1
27704 0
27707 1
27710 0
27713 1
27716 0
27719 1
27722 0
27725 1
27728 0
27731 1
27734 0
27737 1
27740 0
27743 1
27746 0
27749 1
27752 0
27755 1
27758 0
27761 1
27764 0
27767 1
27770 0
27773 1
27776 0
27779 1
27782 0
27785 1
27788 0
27791 1
27794 0
27797 1
27800 0
27803 1
27806 0
27809 1
27812 0
27815 1
27818 0
27821 1
27824 0
27827 1
27830 0
27833 1
27836 0
27839 1
27842 0
27845 1
27848 0
27851 1
27854 0
27857 1
27860 0
27863 1
27866 0
27869 1
27872 0
27875 1
27878 0
27881 1
27884 0
27887 1
27890 0
27893 1
27896 0
27899 1
27902 0
27905 1
27908 0
27911 1
27914 0
27917 1
27920 0
27923 1
27926 0
27929 1
27932 0
27935 1
27938 0
27941 1
27944 0
27947 1
27950 0
27953 1
27956 0
27959 1
27962 0
27965 1
27968 0
27971 1
27974 0
27977 1
27980 0
27983 1
27986 0
27989 1
27992 0
27995 1
27998 0
28001 1
28004 0
28007 1
28010 0
28013 1
28016 0
28019 1
28022 0
28025 1
28028 0
28031 1
28034 0
28037 1
28040 0
28043 1
28046 0
28049 1
28052 0
28055 1
28058 0
28061 1
28064 0
28067 1
28070 0
28073 1
28076 0
28079 1
28082 0
28085 1
28088 0
28091 1
28094 0
28097 1
28100 0
28103 1
28106 0
28109 1
28112 0
28115 1
28118 0
28121 1
28124 0
28127 1
28130 0
28133 1
28136 0
28139 1
28142 0
28145 1
28148 0
28151 1
28154 0
28157 1
28160 0
28163 1
28166 0
28169 1
28172 0
28175 1
28178 0
28181 1
28184 0
28187 1
28190 0
28193 1
28196 0
28199 1
28202 0
28205 1
28208 0
28211 1
28214 0
28217 1
28220 0
28223 1
28226 0
28229 1
28232 0
28235 1
28238 0
28241 1
28244 0
28247 1
28250 0
28253 1
28256 0
28259 1
28262 0
28265 1
28268 0
28271 1
28274 0
28277 1
28280 0
28283 1
28286 0
28289 1
28292 0
28295 1
28298 0
28301 1
28304 0
28307 1
28310 0
28313 1
28316 0
28319 1
28322 0
28325 1
28328 0
28331 1
28334 0
28337 1
28340 0
28343 1
28346 0
28349 1
28352 0
28355 1
28358 0
28361 1
28364 0
28367 1
28370 0
28373 1
28376 0
28379 1
28382 0
28385 1
28388 0
28391 1
28394 0
28397 1
28400 0
28403 1
28406 0
28409 1
28412 0
28415 1
28418 0
28421 1
28424 0
28427 1
28430 0
28433 1
28436 0
28439 1
28442 0
28445 1
28448 0
28451 1
28454 0
28457 1
28460 0
28463 1
28466 0
28469 1
28472 0
28475 1
28478 0
28481 1
28484 0
28487 1
28490 0
28493 1
28496 0
28499 1
28502 0
28505 1
28508 0
28511 1
28514 0
28517 1
28520 0
28523 1
28526 0
28529 1
28532 0
28535 1
28538 0
28541 1
28544 0
28547 1
28550 0
28553 1
28556 0
28559 1
28562 0
28565 1
28568 0
28571 1
28574 0
28577 1
28580 0
28583 1
28586 0
28589 1
28592 0
28595 1
28598 0
28601 1
28604 0
28607 1
28610 0
28613 1
28616 0
28619 1
28622 0
28625 1
28628 0
28631 1
28634 0
28637 1
28640 0
28643 1
28646 0
28649 1
28652 0
28655 1
28658 0
28661 1
28664 0
28667 1
28670 0
28673 1
28676 0
28679 1
28682 0
28685 1
28688 0
28691 1
28694 0
28697 1
28700 0
28703 1
28706 0
28709 1
28712 0
28715 1
28718 0
28721 1
28724 0
28727 1
28730 0
28733 1
28736 0
28739 1
28742 0
28745 1
28748 0
28751 1
28754 0
28757 1
28760 0
28763 1
28766 0
28769 1
28772 0
28775 1
28778 0
28781 1
28784 0
28787 1
28790 0
28793 1
28796 0
28799 1
28802 0
28805 1
28808 0
28811 1
28814 0
28817 1
28820 0
28823 1
28826 0
28829 1
28832 0
28835 1
28838 0
28841 1
28844 0
28847 1
28850 0
28853 1
28856 0
28859 1
28862 0
28865 1
28868 0
28871 1
28874 0
28877 1
28880 0
28883 1
28886 0
28889 1
28892 0
28895 1
28898 0
28901 1
28904 0
28907 1
28910 0
28913 1
28916 0
28919 1
28922 0
28925 1
28928 0
28931 1
28934 0
28937 1
28940 0
28943 1
28946 0
28949 1
28952 0
28955 1
28958 0
28961 1
28964 0
28967 1
28970 0
28973 1
28976 0
28979 1
28982 0
28985 1
28988 0
28991 1
28994 0
28997 1
29000 0
29003 1
29006 0
29009 1
29012 0
29015 1
29018 0
29021 1
29024 0
29027 1
29030 0
29033 1
29036 0
29039 1
29042 0
29045 1
29048 0
29051 1
29054 0
29057 1
29060 0
29063 1
29066 0
29069 1
29072 0
29075 1
29078 0
29081 1
29084 0
29087 1
29090 0
29093 1
29096 0
29099 1
29102 0
29105 1
29108 0
29111 1
29114 0
29117 1
29120 0
29123 1
29126 0
29129 1
29132 0
29135 1
29138 0
29141 1
29144 0
29147 1
29150 0
29153 1
29156 0
29159 1
29162 0
29165 1
29168 0
29171 1
29174 0
29177 1
29180 0
29183 1
29186 0
29189 1
29192 0
29195 1
29198 0
29201 1
29204 0
29207 1
29210 0
29213 1
29216 0
29219 1
29222 0
29225 1
29228 0
29231 1
29234 0
29237 1
29240 0
29243 1
29246 0
29249 1
29252 0
29255 1
29258 0
29261 1
29264 0
29267 1
29270 0
29273 1
29276 0
29279 1
29282 0
29285 1
29288 0
29291 1
29294 0
29297 1
29300 0
29303 1
29306 0
29309 1
29312 0
29315 1
29318 0
29321 1
29324 0
29327 1
29330 0
29333 1
29336 0
29339 1
29342 0
29345 1
29348 0
29351 1
29354 0
29357 1
29360 0
29363 1
29366 0
29369 1
29372 0
29375 1
29378 0
29381 1
29384 0
29387 1
29390 0
29393 1
29396 0
29399 1
29402 0
29405 1
29408 0
29411 1
29414 0
29417 1
29420 0
29423 1
29426 0
29429 1
29432 0
29435 1
29438 0
29441 1
29444 0
29447 1
29450 0
29453 1
29456 0
29459 1
29462 0
29465 1
29468 0
29471 1
29474 0
29477 1
29480 0
29483 1
29486 0
29489 1
29492 0
29495 1
29498 0
29501 1
29504 0
29507 1
29510 0
29513 1
29516 0
29519 1
29522 0
29525 1
29528 0
29531 1
29534 0
29537 1
29540 0
29543 1
29546 0
29549 1
29552 0
29555 1
29558 0
29561 1
29564 0
29567 1
29570 0
29573 1
29576 0
29579 1
29582 0
29585 1
29588 0
29591 1
29594 0
29597 1
29600 0
29603 1
29606 0
29609 1
29612 0
29615 1
29618 0
29621 1
29624 0
29627 1
29630 0
29633 1
29636 0
29639 1
29642 0
29645 1
29648 0
29651 1
29654 0
29657 1
29660 0
29663 1
29666 0
29669 1
29672 0
29675 1
29678 0
29681 1
29684 0
29687 1
29690 0
29693 1
29696 0
29699 1
29702 0
29705 1
29708 0
29711 1
29714 0
29717 1
29720 0
29723 1
29726 0
29729 1
29732 0
29735 1
29738 0
29741 1
29744 0
29747 1
29750 0
29753 1
29756 0
29759 1
29762 0
29765 1
29768 0
29771 1
29774 0
29777 1
29780 0
29783 1
29786 0
29789 1
29792 0
29795 1
29798 0
29801 1
29804 0
29807 1
29810 0
29813 1
29816 0
29819 1
29822 0
29825 1
29828 0
29831 1
29834 0
29837 1
29840 0
29843 1
29846 0
29849 1
29852 0
29855 1
29858 0
29861 1
29864 0
29867 1
29870 0
29873 1
29876 0
29879 1
29882 0
29885 1
29888 0
29891 1
29894 0
29897 1
29900 0
29903 1
29906 0
29909 1
29912 0
29915 1
29918 0
29921 1
29924 0
29927 1
29930 0
29933 1
29936 0
29939 1
29942 0
29945 1
29948 0
29951 1
29954 0
29957 1
29960 0
29963 1
29966 0
29969 1
29972 0
29975 1
29978 0
29981 1
29984 0
29987 1
29990 0
29993 1
29996 0
29999 1
30002 0
